episode,timestep,raw_reward
1,1,-104.3851869893437
2,47,-192.4232019359269
3,214,-210.23335304781645
4,314,-168.45264711701452
5,402,-175.25533421378185
6,601,-353.5790228585206
7,715,-209.7402507412255
8,838,-199.14678362979612
9,946,-207.2311117911198
10,1000,-125.86762818365554
11,1111,-177.93656844736108
12,1215,-184.00872184365574
13,1305,-242.81172972400194
14,1577,-202.0350196191077
15,1640,-190.15421122030824
16,1721,-205.60085203945653
17,1793,-217.64240226121922
18,1979,-180.00316387385755
19,2000,-117.29079250123846
20,2059,-202.52232589994762
21,2243,-193.28850733472456
22,2299,-193.724591009419
23,2411,-191.51352556184017
24,2497,-233.99040753037707
25,2553,-186.4407945609237
26,2640,-190.46055835650444
27,2747,-214.14472100750618
28,2844,-239.19614436189508
29,2916,-190.91212954967898
30,2988,-173.7540295268792
31,3000,-104.95522580849403
32,3088,-207.11960662756047
33,3335,-185.66856556966508
34,3492,-174.37638554941066
35,3624,-185.98822457567468
36,3757,-231.77452267888543
37,3823,-192.74043949527976
38,3916,-187.9321239969605
39,4000,-198.30752393321137
40,4097,-181.6314496012323
41,4221,-256.6586178166907
42,4333,-196.24219714244242
43,4419,-227.29074660256754
44,4623,-199.66254351742666
45,4719,-178.44941036275276
46,4871,-182.31526978781403
47,5000,-132.1727914689328
48,5085,-204.82843343278682
49,5549,-228.60730698730103
50,5605,-213.38767871811706
51,5730,-176.23816906585643
52,5777,-187.7726170367148
53,5886,-210.1704519414174
54,5960,-211.47818397643232
55,6000,-108.95933380674109
56,6073,-233.4244363039077
57,6177,-209.21738990232546
58,6277,-274.8736047205034
59,6325,-194.71417129430498
60,6375,-202.39454319271934
61,6453,-204.5866437545045
62,6621,-204.1802143225319
63,6707,-207.86234961671758
64,6810,-231.32484801006785
65,6955,-192.67667191038555
66,7000,-106.30707392469479
67,7068,-173.68862319365343
68,7117,-189.91670196361162
69,7190,-247.0115547518128
70,7306,-198.0955757617033
71,7535,-199.7181384436091
72,7751,-224.15312999736733
73,7867,-203.31496980844526
74,7992,-182.1645159042415
75,8000,-108.36409349017018
76,8095,-206.83886255700574
77,8595,-266.3952587845313
78,8659,-223.94746429892484
79,8737,-215.1970449079715
80,8828,-194.68824327964035
81,9000,-117.26850937186907
82,9084,-256.76936622667915
83,9176,-187.32147222470041
84,9376,-257.5037044358942
85,9667,-186.0466526370138
86,9887,-202.10598173894527
87,10000,-127.48652956936304
88,10131,-190.7477181917575
89,10188,-202.9180783689265
90,10271,-231.76456696214166
91,10412,-204.6137226189591
92,10457,-187.37706615369353
93,10557,-218.76005154354255
94,10777,-238.81432491560128
95,10857,-194.36283014748022
96,10959,-193.40437797302536
97,11000,-111.95937918121145
98,11108,-210.5476237400218
99,11222,-221.399271851879
100,11277,-189.56395630879643
101,11380,-244.00039219855654
102,11498,-234.3566496021551
103,11566,-201.82582553450325
104,11618,-170.64614679468986
105,11681,-188.66357279168653
106,11839,-196.9830235511949
107,11904,-195.93182205733035
108,11963,-193.33740925327072
109,12000,-106.39409661850773
110,12091,-202.1851488530005
111,12184,-204.56377087678186
112,12250,-213.91404161277623
113,12361,-209.9903860249384
114,12529,-170.02518551326548
115,12642,-183.1436428227207
116,12723,-195.2904570284817
117,12911,-237.7229524390433
118,13000,-211.7853842821148
119,13170,-211.55619581984274
120,13327,-179.99070434179998
121,13433,-183.8061674111147
122,13526,-207.65447546350345
123,13636,-220.3690262060707
124,13729,-216.34758753290933
125,13785,-195.20687499429008
126,13856,-184.40420978778803
127,13918,-217.33185032662317
128,14000,-120.17225138538343
129,14099,-203.19513014059333
130,14200,-233.20076085052244
131,14245,-175.13845794767033
132,14361,-243.39771858013663
133,14476,-217.74573925675907
134,14566,-203.79163819795033
135,14667,-180.47197714097626
136,14872,-190.2182915622234
137,14947,-226.98163906668802
138,15000,-201.34643385351632
139,15077,-240.8612567367411
140,15166,-218.80328236906126
141,15297,-203.32011869743036
142,15384,-214.05021092894611
143,15462,-218.42427348336957
144,15540,-196.37688653493223
145,15633,-198.43946029770376
146,15810,-195.11662056589074
147,15883,-200.35638661511842
148,15939,-210.13739738221773
149,16000,-147.91482814467037
150,16079,-191.4147824435469
151,16142,-204.443181423305
152,16192,-198.65078888812465
153,16297,-209.23097014147777
154,16410,-180.77672293887406
155,16465,-202.9466888448734
156,16517,-195.6568083422055
157,16568,-191.79356310851102
158,16751,-185.70378871805858
159,16839,-196.6149854576928
160,16920,-205.27055317240567
161,17000,-210.05831960164133
162,17142,-200.2689766067328
163,17302,-192.39059685616587
164,17424,-203.51164164231608
165,17509,-171.75879207378085
166,17567,-210.96869424724625
167,17779,-199.3655567165515
168,17862,-201.26147280252547
169,17963,-181.60691177079002
170,18000,-106.07952401726395
171,18212,-204.06808536602085
172,18468,-192.6512963377604
173,18535,-222.6918135451118
174,18609,-217.28952894913448
175,18757,-173.84503434299577
176,18882,-210.3981091411169
177,18959,-196.46598983296178
178,19000,-119.52783627896022
179,19115,-182.50043423688902
180,19180,-220.39904520771077
181,19404,-208.40827151347537
182,19648,-200.30124561328176
183,19722,-181.1392407329708
184,19851,-232.49411777026864
185,20000,-128.85288224558775
186,20094,-247.09010592008406
187,20280,-211.67090434494955
188,20390,-226.9620874981302
189,20439,-197.1375376090544
190,20490,-195.58391843213244
191,20558,-222.0607907953685
192,20649,-254.69546250485814
193,20735,-185.2588994811823
194,20875,-217.31404477150784
195,20962,-207.99159302057114
196,21000,-106.92062138855978
197,21128,-251.4487826652528
198,21244,-203.80643130431946
199,21299,-193.81553950660503
200,21384,-204.7963352949847
201,21552,-203.74056773842761
202,21684,-204.59505148093922
203,21770,-209.77047261273478
204,21836,-227.2747765707359
205,21967,-195.8686150346755
206,22000,-105.37066120368632
207,22110,-244.55139469015992
208,22314,-215.3210842358228
209,22407,-225.9384766846045
210,22459,-194.8504125719888
211,22520,-212.1997103995147
212,22588,-189.381121056091
213,22678,-224.10812870926398
214,22904,-200.74763539840467
215,23000,-159.7424432506471
216,23054,-190.80074130771052
217,23140,-222.46772307091175
218,23282,-229.09300004137748
219,23414,-175.64362632431306
220,23494,-207.94982605361014
221,23585,-220.32860496547528
222,23690,-216.31905481678353
223,23802,-202.55884333641083
224,23900,-230.21196309103965
225,23958,-203.43170911523185
226,24000,-150.22491534228118
227,24128,-185.34105605907558
228,24216,-205.28106119353066
229,24280,-201.6879954783698
230,24351,-196.35804674268627
231,24431,-196.20767777104044
232,24529,-205.72599775015016
233,24631,-202.77303847490305
234,24782,-234.55040944522642
235,24896,-200.29167395251807
236,25000,-135.1824128950935
237,25081,-208.66142507008186
238,25199,-206.51892850814846
239,25308,-211.09839742212017
240,25482,-200.21439826172497
241,25566,-211.46557651077057
242,25666,-209.6928698319935
243,25737,-216.75778347232557
244,25829,-217.48941011413643
245,25892,-219.19835721191956
246,26000,-130.50866052570058
247,26068,-218.55856243783796
248,26381,-201.2552136600982
249,26572,-205.2717810361817
250,26734,-207.27521718370411
251,26857,-216.25658165747882
252,26957,-219.303505573097
253,27000,-104.01830937341367
254,27179,-210.4828179376607
255,27443,-205.75337120408386
256,27613,-214.67099615520664
257,27791,-210.3225668886137
258,27880,-226.33383785459827
259,28000,-108.09624689627785
260,28129,-212.23138879457434
261,28198,-225.92920394927168
262,28310,-212.62708123192414
263,28410,-206.35588534508264
264,28489,-215.0974670409863
265,28898,-204.408761586095
266,29000,-178.5511280956319
267,29063,-218.69159320936393
268,29159,-221.87965537806073
269,29251,-209.49033232387467
270,29383,-205.85775137008352
271,29454,-216.99586603306312
272,29513,-207.40901198563586
273,29633,-198.7604579407643
274,29835,-198.33884199640977
275,29940,-217.7351412547765
276,30000,-157.30036456747604
277,30078,-210.6153608298016
278,30153,-208.42260173333662
279,30213,-211.86810751209325
280,30370,-205.12605738000923
281,30445,-213.8652242533487
282,30507,-204.97613774774015
283,30577,-203.7221158966018
284,30676,-205.7563139609793
285,30759,-212.96931192552455
286,30846,-219.79319838758641
287,30990,-188.17575143788127
288,31000,-105.33129867630527
289,31083,-209.55040906571938
290,31220,-188.32110553566557
291,31430,-198.85354690194572
292,31542,-200.86588198148223
293,31624,-216.43834421967983
294,31694,-210.55018934937115
295,31819,-212.96809614747121
296,31967,-191.7148510319422
297,32000,-140.42127912390094
298,32191,-190.01139980160843
299,32295,-212.13431005710686
300,32397,-205.66370532471606
301,32461,-201.84629861418557
302,32570,-188.02149247387152
303,32678,-178.83893357508254
304,32775,-190.10671368595223
305,32858,-200.21325412849905
306,32962,-196.4291741440407
307,33000,-144.12071575778674
308,33073,-194.09945151728084
309,33138,-193.44006782729002
310,33257,-192.40392396187713
311,33470,-184.8613988394486
312,33567,-188.1678414367865
313,33630,-197.9600181649327
314,33721,-203.90895482605038
315,33808,-194.33067448335873
316,33937,-188.4036355011811
317,34000,-122.14269167883086
318,34151,-190.73199088678325
319,34257,-193.8618512995508
320,34312,-207.36748661259782
321,34424,-190.07090713960176
322,34499,-207.1798340798165
323,34618,-189.85091245754845
324,34689,-201.77365849416918
325,34767,-198.8668536759616
326,34820,-200.19631503677442
327,34969,-186.6703484948428
328,35000,-113.19218996758207
329,35166,-186.42316090985918
330,35281,-189.12065025820954
331,35360,-197.81245771913564
332,35490,-182.74379999797998
333,35574,-196.4700099010131
334,35653,-198.324117122338
335,35707,-199.1345967239725
336,35787,-193.81939031675017
337,35916,-188.55662253302194
338,35988,-201.48904461709694
339,36000,-106.87318638320819
340,36160,-189.43071943377115
341,36259,-192.20565183400365
342,36395,-188.79440976101787
343,36480,-193.48618998916118
344,36596,-187.78922350724085
345,36696,-190.64298008150868
346,36760,-199.34307492359238
347,36855,-194.46993697419032
348,36915,-207.15486599404215
349,37000,-145.85256900555288
350,37109,-188.93719560584424
351,37205,-188.23360794414958
352,37286,-196.78598399067113
353,37414,-192.03141698627076
354,37494,-195.09782593677477
355,37559,-199.5013400212565
356,37627,-198.4935475137576
357,37722,-195.76023082127693
358,37858,-182.4406742894701
359,37922,-204.88614401051717
360,38000,-172.95100110736084
361,38110,-186.14846792701707
362,38223,-187.0400421638887
363,38313,-189.97636172429992
364,38367,-195.873348255969
365,38459,-189.10253816679153
366,38566,-186.52093309605306
367,38625,-202.34763500559905
368,38726,-185.87847298084108
369,38823,-190.46008433287207
370,38877,-204.87168420786202
371,38951,-196.6732094069215
372,39000,-126.04268709746336
373,39090,-189.36671133730545
374,39163,-195.05779847059335
375,39235,-194.14494070771443
376,39293,-199.29835261795574
377,39393,-187.86798719652415
378,39454,-200.20912697659708
379,39556,-186.08978529532945
380,39617,-201.61204464004913
381,39724,-183.95999804106083
382,39783,-201.41435590851427
383,39869,-193.11092361023796
384,39988,-187.78575245780223
385,40000,-113.12225541124553
386,40062,-198.00420275511493
387,40167,-191.65865362180824
388,40238,-199.57788564127947
389,40316,-187.98274431042023
390,40416,-183.67603398411978
391,40482,-194.5954810495429
392,40549,-192.88271952998463
393,40621,-193.5617821930237
394,40749,-181.23940710424725
395,40833,-184.0222174258484
396,40942,-184.056101374785
397,40995,-197.0376632076485
398,41000,-104.03552171195926
399,41108,-184.68726858875687
400,41216,-181.80729172563628
401,41290,-199.87614385249933
402,41363,-194.41732629720818
403,41420,-192.67274018332085
404,41482,-197.7186528059645
405,41582,-184.76162247657103
406,41679,-184.89282147702767
407,41744,-196.75576485952686
408,41819,-186.04292600586484
409,41896,-190.95451468225403
410,41957,-197.45439134485824
411,42000,-104.47671350172794
412,42068,-194.12509817588236
413,42139,-183.51239322845197
414,42196,-193.0168444108631
415,42280,-189.99661011599244
416,42385,-186.07805765075892
417,42508,-185.71674770869168
418,42627,-179.6907209095893
419,42707,-187.8119176052213
420,42797,-185.02392659906323
421,42860,-198.86889172923938
422,42935,-186.54662468262075
423,43000,-162.2549773118993
424,43074,-186.78198822783543
425,43143,-187.63178055828337
426,43204,-196.8714502860605
427,43295,-183.28002324899742
428,43385,-177.65843398254822
429,43446,-192.73679351719676
430,43552,-178.10290506504094
431,43638,-183.55516311745956
432,43690,-196.4274576926004
433,43752,-189.42754357219195
434,43816,-189.6678259057809
435,43884,-188.83482069608624
436,43932,-193.80088631347712
437,44000,-187.3662452361758
438,44049,-193.65533056427256
439,44154,-177.14370261934351
440,44251,-183.29658169110078
441,44335,-185.14474609725477
442,44400,-192.99973038646374
443,44475,-183.74963656024647
444,44545,-186.39731767954515
445,44609,-194.79301411920605
446,44702,-180.2711251153504
447,44753,-195.7362994835222
448,44826,-189.43379519400884
449,44874,-196.81200468581488
450,44930,-195.55836295760525
451,45000,-150.6596590346354
452,45072,-190.05811891241217
453,45175,-177.4481548003772
454,45237,-191.4242586705509
455,45309,-179.19483261319408
456,45367,-189.6364365112602
457,45458,-173.2702601210769
458,45544,-176.282732094152
459,45596,-193.50878264255343
460,45647,-196.24966700487087
461,45734,-180.69204950772718
462,45840,-177.9695880739926
463,45909,-184.73747914046373
464,45988,-180.40585814478902
465,46000,-116.94950824704011
466,46049,-197.24003506769907
467,46126,-181.012506110141
468,46181,-192.67896014138148
469,46257,-182.92197892260344
470,46310,-189.68815008979715
471,46361,-194.7580015606155
472,46417,-192.27364847389848
473,46485,-186.31517556992742
474,46538,-189.27386911804257
475,46599,-191.24666934236024
476,46662,-191.40283010656867
477,46723,-188.36931867811995
478,46777,-190.04602517798003
479,46853,-182.19109981257424
480,46936,-179.7707133970797
481,47000,-169.44925579874416
482,47071,-180.41039203340654
483,47132,-190.38657356660693
484,47208,-182.40578574883523
485,47260,-192.73279454901973
486,47321,-185.8810603453391
487,47396,-184.04875949264348
488,47501,-174.83708976509388
489,47568,-185.98282853926025
490,47635,-187.3167289895191
491,47721,-178.3278671070617
492,47823,-176.30013535811918
493,47918,-179.16065888607048
494,47980,-191.64138980402157
495,48000,-125.67212153119777
496,48071,-184.20594810929038
497,48120,-193.07343686956568
498,48179,-187.52995524623068
499,48245,-185.2240595998045
500,48305,-189.0585709116698
501,48374,-185.90622696140437
502,48435,-186.17314554397205
503,48494,-186.05021421071473
504,48540,-190.4860664449559
505,48594,-186.49035980609682
506,48665,-185.6724556126241
507,48752,-178.5891504540371
508,48831,-180.9336192853495
509,48905,-183.8599197293459
510,48993,-177.96098703817867
511,49000,-104.15046435153543
512,49049,-192.70580967672117
513,49130,-177.61616051626407
514,49211,-180.86763817133408
515,49304,-175.82067507408033
516,49391,-173.10321670363533
517,49488,-174.5707398246692
518,49546,-186.67851260548758
519,49612,-189.6256279143601
520,49687,-177.96154792507457
521,49772,-176.801851649502
522,49826,-193.43405695023586
523,49884,-185.36459584746137
524,49950,-182.97721176958947
525,50000,-175.01080341822197
526,50067,-177.12223922867162
527,50149,-178.71790397989304
528,50226,-179.02363856341896
529,50288,-189.1923142483323
530,50332,-188.77963828083313
531,50419,-176.07546700971727
532,50511,-173.1758571959105
533,50572,-185.76644341547683
534,50638,-185.6974118758489
535,50735,-168.9618610994251
536,50818,-177.7397465072233
537,50922,-173.72339831902184
538,50990,-186.59243957731263
539,51000,-106.48131813874038
540,51081,-176.87182599404747
541,51177,-173.3469719871385
542,51260,-177.06195161242607
543,51305,-190.42123853279043
544,51357,-188.8840848273989
545,51436,-179.92425776056376
546,51500,-184.62231912404116
547,51594,-173.7593317309234
548,51688,-172.43978367236184
549,51763,-178.16023582086757
550,51848,-177.74399195704873
551,51898,-190.346641228117
552,51971,-175.5450580497546
553,52000,-115.11333636863921
554,52046,-191.08154061125452
555,52106,-186.29922208976723
556,52174,-180.08357504831957
557,52263,-172.02681425029223
558,52340,-174.71289751595182
559,52389,-189.0546767018984
560,52443,-184.56557177771333
561,52500,-184.8666558293095
562,52548,-183.82549260674338
563,52627,-172.38987277121754
564,52710,-176.36012407514409
565,52788,-177.48584367601802
566,52866,-175.16898179117067
567,52927,-182.4631528771268
568,52983,-185.41872529451004
569,53000,-106.82684012123498
570,53091,-170.91368966364655
571,53138,-186.06566541413736
572,53215,-172.89627900424406
573,53284,-176.0051558100131
574,53361,-172.7070987426067
575,53449,-166.12017822102993
576,53495,-185.68203901868944
577,53558,-179.4017149155997
578,53605,-187.6177354971154
579,53673,-175.24568707189138
580,53739,-180.74721336592773
581,53790,-187.4924702544712
582,53864,-170.89768930820537
583,53917,-184.4993388283512
584,53990,-177.45992457891452
585,54000,-106.7125701558062
586,54075,-174.79205441076465
587,54144,-172.98759640442944
588,54210,-176.4604499037785
589,54260,-185.43093818907857
590,54342,-168.66211308328468
591,54423,-169.6093245421245
592,54480,-180.21494631080094
593,54525,-188.77091819975368
594,54589,-178.48192760598042
595,54643,-185.30610370223536
596,54710,-178.15976112095495
597,54759,-188.30184733717573
598,54839,-170.5224993827407
599,54908,-172.11848076068543
600,54999,-169.26061054050763
601,55000,-104.07222409845708
602,55061,-180.83425657343275
603,55121,-178.08552268179244
604,55187,-181.0673274438504
605,55240,-186.47637237732812
606,55284,-188.6826674355685
607,55347,-174.34870637895995
608,55426,-168.38260834062868
609,55509,-169.56954184873945
610,55561,-181.92860803111483
611,55625,-186.03636721711516
612,55710,-172.20861923914075
613,55755,-186.60814676134538
614,55825,-171.54412483579935
615,55900,-172.36416561254407
616,55966,-177.0231695417972
617,56000,-108.07958147878432
618,56067,-178.21001839536973
619,56134,-177.85246622021165
620,56213,-170.91197354384894
621,56258,-183.81856558301166
622,56326,-172.82746613746053
623,56368,-182.3744979402345
624,56413,-189.47931728583063
625,56475,-180.6296423424615
626,56519,-186.90031683475777
627,56564,-187.62902935767113
628,56620,-181.28397903003133
629,56680,-181.88528098491616
630,56726,-190.5795984698193
631,56809,-165.97182093736137
632,56869,-176.16707478281975
633,56915,-183.3785676511378
634,56964,-185.89302944040824
635,57000,-124.64756276004583
636,57081,-168.2527480501111
637,57126,-187.43248174648917
638,57200,-174.2871204217177
639,57260,-180.33483787492673
640,57330,-171.54635044452868
641,57388,-182.0898795603362
642,57441,-184.94219650975634
643,57526,-174.07165310403846
644,57569,-187.7690736867682
645,57631,-179.2379869504739
646,57684,-183.26618166932897
647,57740,-179.13513091386022
648,57790,-188.29439042355648
649,57869,-168.5344969016714
650,57932,-180.29225664792645
651,57987,-184.77264334901636
652,58000,-104.29823261554084
653,58072,-174.1442595161664
654,58159,-165.9562620609841
655,58224,-170.9425331780535
656,58283,-183.73696827083467
657,58327,-183.99157681353716
658,58371,-186.84652084191887
659,58461,-166.84272493628163
660,58550,-166.79107709899674
661,58597,-187.85221328907784
662,58668,-171.77960183004876
663,58734,-176.83215638735152
664,58798,-177.95340973177173
665,58843,-185.8997721496903
666,58917,-172.06329274206433
667,58969,-185.3110110418972
668,59000,-104.7039630526563
669,59052,-184.32212841277095
670,59129,-172.5653311316604
671,59191,-178.186573991095
672,59257,-177.3408133875655
673,59312,-183.04657145137776
674,59356,-188.3083492581083
675,59423,-174.31803961947503
676,59499,-171.5881319726605
677,59550,-183.47915128201925
678,59621,-170.71401633322432
679,59698,-168.81341061368636
680,59779,-166.6639939418403
681,59840,-178.82146408495652
682,59922,-169.14140223845158
683,59974,-185.94003357049263
684,60000,-115.66505659508802
685,60062,-171.15376634423126
686,60151,-171.54291785325532
687,60228,-170.2009484008138
688,60279,-185.59998905286875
689,60363,-170.3117562414215
690,60413,-185.29687223187824
691,60471,-179.669743694808
692,60531,-180.53185054651223
693,60612,-169.98631872736604
694,60656,-185.71202116109765
695,60746,-171.3557886273517
696,60791,-188.3569945201342
697,60869,-173.54436861894385
698,60939,-172.33878563712554
699,60984,-186.40095247616404
700,61000,-104.89883595548075
701,61071,-169.8152842748849
702,61130,-180.00969327390712
703,61183,-182.7588696941836
704,61240,-181.4496274165368
705,61323,-169.1821412803323
706,61397,-173.43086982465297
707,61456,-180.27789926820117
708,61529,-173.66944028240368
709,61598,-171.26158403634525
710,61643,-186.58387655220253
711,61703,-177.47674908273706
712,61750,-188.78704587127044
713,61815,-178.56618063951055
714,61860,-184.79950290983828
715,61939,-171.186962714962
716,61993,-183.22583637329154
717,62000,-104.8091223503681
718,62085,-166.85920456002083
719,62158,-171.23903506821512
720,62216,-181.79496107581392
721,62266,-183.7688312648113
722,62314,-186.1670060511127
723,62368,-184.47398495966763
724,62427,-177.7736670875471
725,62475,-181.31968922114288
726,62538,-176.3702157544543
727,62614,-174.8046220759811
728,62669,-181.33724966804147
729,62714,-187.6015252893249
730,62791,-171.8164073118701
731,62861,-172.08681575852273
732,62920,-179.7066523984605
733,62989,-175.35309102796344
734,63000,-116.62121340567299
735,63068,-173.17705485807676
736,63120,-182.34745070117867
737,63197,-174.24605214687364
738,63282,-169.29513239286152
739,63328,-186.46695801255262
740,63391,-179.92934302290666
741,63441,-183.16732765299076
742,63484,-187.46925237129636
743,63543,-175.81665129429246
744,63612,-175.87898431981213
745,63694,-169.0089283273414
746,63737,-185.55958991861945
747,63815,-164.9092888012369
748,63869,-179.18691183852525
749,63914,-184.3897862108177
750,63990,-168.44961244057401
751,64000,-103.9998104363312
752,64061,-178.69342578562254
753,64119,-178.971650071135
754,64169,-185.40553306098667
755,64223,-181.10011170930863
756,64289,-172.85792910780643
757,64348,-180.77036806395972
758,64415,-174.8933172586961
759,64463,-187.25165567859227
760,64506,-185.5070237163272
761,64556,-188.1219331914349
762,64610,-185.379334775747
763,64670,-184.19264326774461
764,64751,-166.42745028719344
765,64835,-169.9309671608193
766,64902,-176.25274048978503
767,64969,-175.59702852760387
768,65000,-115.48921191220369
769,65067,-173.51896969692217
770,65141,-171.45520136684303
771,65214,-170.47676235999904
772,65288,-169.90645088652582
773,65360,-171.99978612804932
774,65420,-177.28095542026898
775,65486,-178.4984074535539
776,65556,-173.59805387196803
777,65606,-186.19683169077035
778,65685,-167.05494014536214
779,65742,-176.89797161115814
780,65815,-170.8902640885048
781,65866,-183.7325669216006
782,65907,-181.82979548036496
783,65952,-186.25062241162794
784,66000,-110.75588500625284
785,66053,-184.5494159047762
786,66113,-181.099708816582
787,66198,-169.3265786448212
788,66243,-185.88356020632813
789,66330,-168.9098796193319
790,66383,-185.71454284542943
791,66431,-184.61729141228696
792,66491,-180.25924548518117
793,66554,-181.54428511722858
794,66604,-183.5530052322324
795,66671,-172.2068945353849
796,66742,-169.6753337753831
797,66789,-184.54370657343736
798,66872,-166.52878616792776
799,66921,-188.26143928400316
800,66968,-181.86946832594853
801,67000,-154.50179615220952
802,67064,-173.16051548501525
803,67110,-183.13284229567762
804,67177,-168.29914813908636
805,67236,-177.1600909381205
806,67302,-176.25611627768393
807,67360,-180.28175878446055
808,67433,-170.50306730974023
809,67508,-166.0669615908444
810,67550,-183.849374635717
811,67617,-175.17901976030024
812,67689,-165.0164736311089
813,67756,-171.83981453898423
814,67820,-173.77522711676014
815,67894,-171.1728004422255
816,67948,-182.06092414674993
817,68000,-118.15112596876179
818,68067,-171.65525190879242
819,68128,-175.6393737469685
820,68177,-182.91227264328649
821,68229,-181.64802598556435
822,68301,-171.0615591938004
823,68371,-173.34733262681826
824,68439,-173.97733691917102
825,68497,-178.28856967860077
826,68558,-172.8264595397292
827,68615,-177.18602717278338
828,68688,-172.0335089818106
829,68759,-173.7014402568227
830,68814,-183.610643597215
831,68866,-180.7064497869536
832,68955,-167.0014863706904
833,69000,-123.07854248892863
834,69057,-179.7096764832593
835,69123,-170.62916421090847
836,69202,-170.6381143857268
837,69253,-186.89748629695617
838,69330,-166.86667543752472
839,69374,-187.38126646907006
840,69421,-186.99552054136274
841,69475,-186.9555771623439
842,69544,-172.2634218900948
843,69626,-168.93827521250307
844,69674,-182.1544278549541
845,69716,-185.15977126414168
846,69787,-169.48105857276087
847,69857,-176.0632057103595
848,69910,-179.6634096907033
849,69966,-175.39285445692238
850,70000,-141.87922961953447
851,70086,-165.58396295704136
852,70138,-184.03477105067265
853,70182,-184.4297031501975
854,70248,-177.54230148437122
855,70294,-185.26211151499967
856,70377,-165.38636450077632
857,70426,-184.3160681110203
858,70476,-184.72613290231885
859,70546,-170.8169597460482
860,70596,-182.65697337236674
861,70655,-177.14378401959326
862,70741,-168.44308112727705
863,70790,-188.41214582092817
864,70853,-172.12756776600844
865,70910,-177.126291330862
866,70996,-168.81542764429486
867,71000,-107.20110683843771
868,71045,-183.70988786701452
869,71103,-177.57792798757794
870,71160,-178.84274757796942
871,71235,-164.10417224322245
872,71282,-184.58275786182503
873,71326,-185.28504679658909
874,71398,-168.7460205970391
875,71458,-175.04275016057866
876,71505,-182.97751157698482
877,71548,-184.75632030606678
878,71604,-175.45540455746664
879,71679,-162.7406961096641
880,71761,-166.44335642301468
881,71847,-165.0574872924261
882,71891,-184.30885315212544
883,71949,-180.74531488688217
884,72000,-178.8357671709389
885,72052,-183.03653691436074
886,72104,-183.62309943564372
887,72152,-184.8683446368185
888,72220,-170.80101656816663
889,72280,-174.63308667359433
890,72359,-166.27682765856005
891,72405,-182.96992755298442
892,72447,-183.67625978394057
893,72502,-181.44213861925112
894,72567,-175.06786919985757
895,72629,-180.30483982111912
896,72693,-172.45729355940358
897,72751,-180.60412761776027
898,72806,-181.2560752363524
899,72877,-169.39337603136886
900,72925,-182.2289568113851
901,72982,-175.94712152878225
902,73000,-104.85075359210325
903,73083,-165.54984767464651
904,73129,-180.98203025222614
905,73202,-168.67543402820374
906,73284,-166.4443747502564
907,73326,-186.0328411432131
908,73396,-171.14706782879
909,73470,-169.24955225924427
910,73518,-184.56243505357025
911,73587,-173.98465510322006
912,73664,-167.93785643256456
913,73721,-180.07995581710486
914,73770,-180.17972047854494
915,73840,-170.53209057890354
916,73885,-184.7820366492375
917,73955,-171.52077750596715
918,74000,-152.31648704973162
919,74078,-167.3232961205864
920,74125,-179.48192289808162
921,74179,-181.7637904073417
922,74240,-175.88249283179545
923,74306,-167.6480519077512
924,74359,-179.45020904577234
925,74414,-182.3786944783183
926,74478,-176.192967978576
927,74552,-164.31604730382563
928,74624,-174.39236540201006
929,74671,-183.88258909309448
930,74727,-178.41437102521218
931,74814,-164.99947251412755
932,74871,-181.5974576538311
933,74924,-182.79342682839263
934,74970,-181.17363529055382
935,75000,-111.53599863584867
936,75060,-180.8947416075399
937,75124,-173.67387835672156
938,75190,-170.5505716654299
939,75264,-167.53851159611585
940,75312,-187.41821810253978
941,75386,-162.9384756979864
942,75430,-184.15824896954933
943,75481,-177.46920638520731
944,75527,-185.50103560315034
945,75571,-183.8730214041381
946,75619,-181.9027912570021
947,75678,-176.71353754802954
948,75728,-182.91211035295785
949,75776,-182.64945431095975
950,75842,-168.17499052352372
951,75900,-181.33121976029489
952,75958,-178.3852646277531
953,76000,-151.58314133910568
954,76081,-162.72993205298218
955,76155,-164.35273465660595
956,76232,-163.24555337471799
957,76281,-182.66667594788254
958,76331,-185.4927455108625
959,76387,-179.26132258209805
960,76438,-180.72779446410846
961,76484,-182.6488274950566
962,76534,-183.51395052320962
963,76613,-163.22566260715962
964,76661,-179.02191987384532
965,76708,-186.65574317777478
966,76780,-166.14671155519332
967,76825,-186.18652002339252
968,76873,-181.53521192758183
969,76924,-183.7407779305674
970,76980,-179.35543668125453
971,77000,-105.49626332789786
972,77062,-177.92475060845294
973,77137,-170.2122167077618
974,77209,-170.6589520347435
975,77272,-176.0530516976284
976,77324,-178.75612467536638
977,77380,-171.13830360787892
978,77450,-167.65804882196102
979,77517,-169.17935433875545
980,77585,-167.97168789769827
981,77641,-177.4954299228778
982,77692,-180.0398221167972
983,77769,-165.6417529863644
984,77852,-166.69791255314334
985,77900,-182.4723850719621
986,77943,-182.47960613069603
987,77989,-181.01772158681598
988,78000,-104.00222862532048
989,78074,-170.6552154183396
990,78153,-164.5824247153568
991,78229,-165.6326619254244
992,78286,-178.56456945785976
993,78368,-166.41125494188174
994,78419,-179.16180728793148
995,78475,-183.1629782322164
996,78517,-185.29031937180855
997,78574,-175.46113321851806
998,78620,-183.92758129884925
999,78700,-164.69744505019798
1000,78756,-176.98927417602204
1001,78800,-184.54366930825955
1002,78879,-163.1412547640137
1003,78943,-173.9353568136334
1004,78996,-179.57040221139897
1005,79000,-107.00861520004159
1006,79082,-163.4542573469751
1007,79151,-171.8160825531317
1008,79196,-187.46136559772916
1009,79259,-170.2296478881064
1010,79329,-169.10262609867715
1011,79373,-184.76436571339138
1012,79436,-171.55423136160374
1013,79509,-168.61977423463884
1014,79551,-182.9359575157223
1015,79608,-178.3440756985429
1016,79686,-166.4947547547177
1017,79733,-183.24391818372544
1018,79795,-173.421544398898
1019,79875,-167.93173532217872
1020,79935,-174.53126010955705
1021,79990,-176.5153206761435
1022,80000,-110.02645440784005
1023,80078,-163.89725809438082
1024,80134,-177.2077822502435
1025,80193,-176.57208695660742
1026,80234,-182.57922327265914
1027,80302,-171.75224920559242
1028,80367,-174.07962277088004
1029,80437,-168.46209556891472
1030,80481,-184.8274198019085
1031,80559,-166.10247680907668
1032,80604,-185.09100628779555
1033,80663,-175.6447336647194
1034,80725,-172.04270515868964
1035,80800,-165.06866577221027
1036,80861,-175.58952517842772
1037,80922,-177.02301728673433
1038,80974,-178.63358491196243
1039,81000,-140.8545973333415
1040,81061,-171.8395769079516
1041,81117,-179.7927803138125
1042,81167,-184.88889511768772
1043,81250,-165.05275919375177
1044,81307,-176.2955470167159
1045,81386,-163.324799377546
1046,81437,-178.42001167258846
1047,81498,-174.01952420695494
1048,81566,-170.2765044987411
1049,81628,-172.47090609822823
1050,81709,-162.0706584514122
1051,81786,-167.00209727584723
1052,81848,-171.82907396501696
1053,81898,-183.4608882821695
1054,81961,-171.08509316752026
1055,82000,-135.95456487168775
1056,82064,-174.75016585380786
1057,82114,-188.5939596056836
1058,82170,-181.7896263498369
1059,82240,-172.54853946215542
1060,82327,-164.3406836189032
1061,82388,-177.00592223599472
1062,82448,-173.53458179386377
1063,82502,-176.19734774818926
1064,82561,-177.54350934477588
1065,82637,-166.20448562364817
1066,82686,-185.15268917572615
1067,82753,-168.36376518622768
1068,82808,-177.7302742676117
1069,82867,-175.8275988819089
1070,82918,-183.59915483874016
1071,82988,-170.2581188662013
1072,83000,-112.49826940338305
1073,83051,-181.9635397629733
1074,83130,-162.70838287614464
1075,83182,-180.32821690679384
1076,83237,-174.9538006779833
1077,83314,-169.3280078525382
1078,83387,-165.8979712648276
1079,83456,-171.63197207897653
1080,83531,-166.99488477027413
1081,83579,-183.29100181556254
1082,83648,-168.6730916394569
1083,83704,-171.87028971031273
1084,83756,-180.69052171736197
1085,83825,-170.0860306652532
1086,83876,-182.911311422761
1087,83919,-184.0261055012295
1088,83996,-164.3657213545092
1089,84000,-107.54272661692853
1090,84072,-170.955973779913
1091,84141,-169.0090955897461
1092,84183,-185.00901114045337
1093,84237,-182.5298969677491
1094,84281,-186.44979465536264
1095,84344,-174.912007227866
1096,84412,-168.607648789753
1097,84455,-182.65560038264528
1098,84526,-166.41979316667354
1099,84583,-180.1652348777571
1100,84660,-164.5339507561581
1101,84709,-184.8346925799486
1102,84767,-171.5665903701037
1103,84811,-182.99371706830067
1104,84881,-162.99950324181594
1105,84925,-183.25607523497382
1106,84986,-172.6241910773808
1107,85000,-104.16273249797365
1108,85045,-183.45136094739993
1109,85099,-179.33229139056448
1110,85176,-163.5187098270057
1111,85233,-175.2069656713444
1112,85295,-171.51204120497133
1113,85371,-163.00602910899775
1114,85437,-177.23366676945608
1115,85501,-170.9784623193977
1116,85559,-175.0433585632319
1117,85608,-181.697163893915
1118,85676,-173.72375741143736
1119,85742,-171.88106417953338
1120,85801,-178.25332629098455
1121,85845,-184.8022406769888
1122,85921,-165.52192443985484
1123,85983,-173.31492307755005
1124,86000,-123.03386138161383
1125,86080,-163.44720269700383
1126,86135,-181.18619543427798
1127,86214,-162.27265260903914
1128,86264,-185.18850489003415
1129,86318,-176.65313948673852
1130,86380,-170.1452254920403
1131,86443,-168.48554616594134
1132,86511,-169.24021493271408
1133,86562,-176.92448218584912
1134,86636,-163.02138892748818
1135,86705,-167.31152085183487
1136,86774,-170.94718786326905
1137,86842,-171.33931896801803
1138,86885,-184.2608410582601
1139,86962,-164.9729351691685
1140,87000,-111.3802621354353
1141,87067,-165.8912340072066
1142,87119,-180.0727140952382
1143,87184,-173.95591268601487
1144,87241,-176.45084388754822
1145,87298,-182.0175927653847
1146,87366,-166.3812595492857
1147,87439,-164.2304172753938
1148,87497,-176.45349322870317
1149,87545,-181.44433082325168
1150,87593,-184.01716384313514
1151,87636,-183.78130091621847
1152,87682,-186.23241470169455
1153,87731,-181.08417877322952
1154,87806,-166.2161179083895
1155,87869,-175.8801426184467
1156,87929,-176.9812965127279
1157,87973,-187.9193352609454
1158,88000,-113.26901858416515
1159,88049,-180.07205597440912
1160,88126,-168.07160782861862
1161,88172,-185.90983783978965
1162,88224,-182.51863799959295
1163,88288,-170.77896145177806
1164,88354,-174.05806946755177
1165,88400,-189.23664508525343
1166,88481,-163.33962505668606
1167,88534,-176.14206365886838
1168,88577,-183.33481695219814
1169,88644,-169.97641093576203
1170,88718,-166.14170220637533
1171,88770,-182.6627441946767
1172,88814,-185.36016638523535
1173,88901,-164.2437259770034
1174,88953,-181.1971332662316
1175,89000,-109.70173841890298
1176,89055,-181.74802964705327
1177,89107,-183.08326817313073
1178,89167,-167.43752896303585
1179,89235,-171.4963622071554
1180,89291,-176.8651133764775
1181,89354,-172.74910863056346
1182,89411,-182.1409018515464
1183,89472,-176.00140475832433
1184,89517,-183.27748983275387
1185,89596,-164.1287081514206
1186,89659,-171.6894015400727
1187,89732,-170.83173052318097
1188,89781,-186.08205809845626
1189,89833,-183.9714148158492
1190,89900,-168.34069361648326
1191,89959,-172.6319928004825
1192,90000,-108.59972182484303
1193,90047,-188.36430900134314
1194,90121,-167.30646775597563
1195,90186,-172.41475831054717
1196,90249,-167.55803504809836
1197,90324,-167.5872955177802
1198,90373,-182.56810529169067
1199,90448,-165.3494984601932
1200,90512,-172.4854695385839
1201,90563,-181.69532856008198
1202,90644,-163.2217840808591
1203,90709,-169.9369798649558
1204,90768,-179.88861849292522
1205,90842,-167.4612622358218
1206,90887,-186.86730598707072
1207,90951,-166.19027559808427
1208,91000,-151.37257032006198
1209,91069,-167.28552292560929
1210,91121,-182.3243297740776
1211,91185,-171.77686441342968
1212,91229,-183.6794870618823
1213,91286,-176.7942069761849
1214,91343,-176.33596599436905
1215,91390,-184.37975790988435
1216,91438,-182.94314176729443
1217,91483,-185.46165899972095
1218,91546,-176.0058293519839
1219,91591,-183.08896753369083
1220,91661,-169.67098420085614
1221,91703,-180.62165777499922
1222,91786,-163.55447667821875
1223,91854,-170.30367479907252
1224,91906,-182.8841033723657
1225,91950,-184.72971866201706
1226,91997,-184.95252708292446
1227,92000,-104.63840864062581
1228,92054,-182.22233352375207
1229,92132,-164.93494691818927
1230,92177,-185.17449594783
1231,92225,-183.85582370199631
1232,92277,-184.2558606582732
1233,92350,-165.38640854962597
1234,92431,-163.10906607634166
1235,92483,-184.38151783698942
1236,92528,-180.40033225097915
1237,92583,-177.30595312368314
1238,92636,-175.88332571364214
1239,92715,-166.08767420917775
1240,92763,-183.06513275370824
1241,92816,-181.71248345740423
1242,92868,-180.2102219045901
1243,92914,-183.43238252715554
1244,92971,-171.13478856402452
1245,93000,-106.29397014573489
1246,93073,-163.41923881330766
1247,93155,-163.805778404785
1248,93232,-168.8705506684908
1249,93298,-171.18012132380613
1250,93350,-177.7258062468809
1251,93399,-185.9210398140459
1252,93456,-173.6678328316047
1253,93507,-180.37699748327756
1254,93551,-183.54507825858127
1255,93594,-183.83419111049457
1256,93656,-170.1932997482802
1257,93717,-172.966057772836
1258,93773,-181.42352600815173
1259,93835,-173.61008092585783
1260,93893,-180.19456252282887
1261,93933,-180.5088567420674
1262,94000,-125.25103105519668
1263,94062,-173.1044943044912
1264,94123,-175.20338118416
1265,94201,-164.84823430580934
1266,94259,-176.7515801272889
1267,94326,-169.037965443367
1268,94392,-167.52093871564662
1269,94448,-178.58839181718542
1270,94526,-163.75012869287852
1271,94605,-168.66647182627776
1272,94665,-177.0446237372375
1273,94710,-183.29940362683573
1274,94754,-189.10397526608136
1275,94812,-177.34344519897388
1276,94864,-180.91888689108072
1277,94916,-182.3265001369522
1278,94959,-187.59078147839008
1279,95000,-168.33073430531454
1280,95059,-180.5837100713238
1281,95144,-162.9105234553482
1282,95217,-165.49884856959534
1283,95266,-182.5179462090893
1284,95310,-183.5751474357629
1285,95360,-180.11238082010277
1286,95446,-162.98572299737546
1287,95508,-170.2194561435365
1288,95548,-182.58569483631737
1289,95595,-184.5781570690616
1290,95647,-181.91182880580988
1291,95724,-166.41005312770284
1292,95773,-176.40249628364896
1293,95850,-164.9252448097746
1294,95899,-184.11194729039698
1295,95963,-170.1444502651017
1296,96000,-115.26962464946757
1297,96052,-181.29140968556493
1298,96121,-173.2725578812439
1299,96179,-177.13502034364816
1300,96227,-182.91591173256847
1301,96307,-166.04558865316739
1302,96363,-181.8811462414056
1303,96440,-164.45935835921034
1304,96518,-165.1519838849291
1305,96588,-171.5833679299899
1306,96656,-170.90592886341415
1307,96722,-169.1677294275818
1308,96773,-182.4045929033533
1309,96837,-170.59874415766748
1310,96913,-163.92374800119458
1311,96981,-171.44499107892165
1312,97000,-115.00550347340861
1313,97071,-173.61250648007757
1314,97137,-173.14838008705243
1315,97201,-178.83478867123844
1316,97251,-177.68992308196695
1317,97305,-183.06107405809377
1318,97383,-162.58090607162467
1319,97457,-162.24842209136608
1320,97539,-165.60393766488863
1321,97589,-185.18204127938628
1322,97651,-171.72189658428817
1323,97705,-181.7556974038577
1324,97755,-181.23973097864558
1325,97810,-180.37082417819934
1326,97871,-173.39692948273134
1327,97931,-173.17201140957664
1328,97991,-177.79488561174395
1329,98000,-104.45945706198984
1330,98077,-164.8841489002997
1331,98120,-186.11815594765537
1332,98181,-173.48074771627438
1333,98226,-185.96948997279975
1334,98279,-182.60739766530304
1335,98335,-175.09201355214987
1336,98382,-182.24682334116363
1337,98460,-163.78392598542365
1338,98532,-170.61229351155765
1339,98602,-167.63500862342323
1340,98679,-162.8339099200647
1341,98727,-183.0298151529968
1342,98773,-185.88223216934136
1343,98831,-175.0458591023081
1344,98896,-172.0413037369209
1345,98976,-161.30792730860458
1346,99000,-104.38423686888633
1347,99061,-172.28050403857964
1348,99130,-175.39687311501382
1349,99173,-186.4806322378745
1350,99221,-180.64703863293215
1351,99298,-165.03301227598573
1352,99344,-184.22102960430493
1353,99414,-168.89883693470642
1354,99482,-170.17231843355063
1355,99532,-179.8500904341704
1356,99597,-174.76212465383824
1357,99668,-171.0337307155491
1358,99713,-180.49920816560868
1359,99778,-171.46176924707706
1360,99835,-177.0728777070496
1361,99894,-178.7069679877809
1362,99966,-174.44899383968624
1363,100000,-106.07400429585462
1364,100054,-177.22386013341549
1365,100130,-167.68983551368262
1366,100190,-176.1689866829429
1367,100246,-180.21575786353566
1368,100312,-173.20483717753172
1369,100355,-182.5118275761244
1370,100406,-181.2514182950446
1371,100477,-164.3998164054471
1372,100533,-178.40032128657342
1373,100609,-162.80768861912384
1374,100687,-170.41299957519738
1375,100761,-166.2285323732007
1376,100824,-171.47475118951616
1377,100869,-184.7664879046261
1378,100917,-185.18207680816874
1379,100998,-165.05181100798998
1380,101000,-104.72856765382836
1381,101054,-179.65554931239646
1382,101106,-182.6486794368071
1383,101154,-186.2456172716901
1384,101202,-182.620694398835
1385,101250,-183.30353463189982
1386,101307,-176.2109920332931
1387,101352,-183.74061721624452
1388,101431,-168.20365731059815
1389,101504,-166.14657913287218
1390,101564,-178.04940801491261
1391,101627,-172.33348482164692
1392,101690,-172.50855349883454
1393,101735,-183.53489623426458
1394,101802,-170.7211660803199
1395,101874,-167.96102148430296
1396,101932,-179.9706965990617
1397,102000,-155.66734002223845
1398,102074,-169.18504344416874
1399,102119,-183.56585077828652
1400,102171,-175.9608755332085
1401,102245,-166.98528114348062
1402,102315,-163.98671972511187
1403,102372,-182.2672589684248
1404,102434,-173.74012743960756
1405,102516,-166.70499642814224
1406,102581,-176.19789564982037
1407,102651,-165.89473387231618
1408,102729,-162.47491598430736
1409,102774,-185.2957787529262
1410,102832,-175.3134909772964
1411,102901,-170.89133101609346
1412,102960,-174.38212211643537
1413,103000,-157.69885274681624
1414,103068,-174.15669334515113
1415,103124,-181.61469906858648
1416,103189,-166.8435469352183
1417,103267,-164.07502976414585
1418,103316,-181.68657816449337
1419,103396,-166.12441981434316
1420,103449,-181.78472941596024
1421,103496,-181.59430079486947
1422,103549,-177.5243580737753
1423,103613,-171.3106859075774
1424,103663,-184.62311931383869
1425,103726,-169.49378141273814
1426,103783,-183.89498808315108
1427,103857,-165.7354835545261
1428,103907,-179.47122796631209
1429,103959,-177.91959033513345
1430,104000,-111.27231264206296
1431,104075,-163.47122823189142
1432,104125,-178.26629661467
1433,104198,-162.7425022626235
1434,104240,-184.65761332236764
1435,104314,-167.7258185750229
1436,104373,-179.5272194277748
1437,104441,-169.85301399702985
1438,104492,-179.78422557187756
1439,104534,-183.4018967081368
1440,104612,-161.86358042960717
1441,104658,-183.4712902085507
1442,104714,-176.09939563431016
1443,104763,-182.89742307857466
1444,104813,-181.8785864999823
1445,104870,-177.28089755756343
1446,104936,-175.32439975598942
1447,105000,-152.01848212857624
1448,105059,-174.43756950821978
1449,105137,-165.41693026282812
1450,105205,-169.90115565358775
1451,105261,-177.4887611737925
1452,105315,-177.91403569268294
1453,105365,-177.8059332508451
1454,105432,-170.68905162176708
1455,105485,-182.66727385234378
1456,105555,-170.51035050660448
1457,105614,-174.7834578483873
1458,105660,-180.7668390562044
1459,105734,-167.48210368565972
1460,105806,-170.2204790911627
1461,105875,-170.27783712792296
1462,105929,-179.50261717637818
1463,106000,-157.63511860157942
1464,106063,-170.93618704374126
1465,106125,-175.9237186873076
1466,106185,-175.12737550093183
1467,106247,-177.63340107215714
1468,106290,-180.58220942971104
1469,106365,-166.20942169088192
1470,106426,-175.56099712377898
1471,106498,-167.8160116145772
1472,106551,-178.58593224910857
1473,106615,-170.13904191418857
1474,106664,-182.6767176663917
1475,106738,-167.92466471330542
1476,106813,-165.4141908737474
1477,106872,-176.4653970919939
1478,106937,-175.35643830225234
1479,106992,-183.30779267754025
1480,107000,-105.67149270340983
1481,107074,-166.2589302992321
1482,107128,-184.3791042184074
1483,107171,-183.9789220227637
1484,107252,-166.11430612098127
1485,107318,-168.55186349165248
1486,107385,-170.4634520363009
1487,107438,-180.99605357401083
1488,107492,-180.9075221059056
1489,107557,-174.90412048157742
1490,107635,-160.44386183810303
1491,107677,-185.34489998490335
1492,107728,-182.5272786839899
1493,107770,-184.62908061118867
1494,107841,-165.4027878684926
1495,107902,-172.4930266939304
1496,107985,-162.72737728713307
1497,108000,-105.75951187405776
1498,108050,-182.81391024725184
1499,108123,-167.09493762030974
1500,108197,-165.53773448539988
1501,108277,-165.94670806012823
1502,108359,-160.5602612157133
1503,108412,-187.5150680073994
1504,108461,-181.76972271748386
1505,108516,-178.09747152428713
1506,108558,-184.46494754244998
1507,108614,-172.240615133851
1508,108674,-173.8184134751535
1509,108730,-173.37858012204094
1510,108777,-188.07615272515164
1511,108857,-163.75574057193373
1512,108924,-172.08717984100304
1513,108975,-177.6090711406341
1514,109000,-109.62237655092379
1515,109078,-167.0765278721184
1516,109123,-183.31872153197736
1517,109181,-175.80542447107587
1518,109227,-181.9849796049474
1519,109271,-184.0189273603358
1520,109338,-171.55637134480298
1521,109401,-171.89122163320835
1522,109464,-169.8699433607899
1523,109542,-165.41872928402267
1524,109597,-178.2617899361481
1525,109670,-167.95600914002065
1526,109741,-168.85268903254777
1527,109795,-177.18950647398458
1528,109846,-181.1804794040142
1529,109894,-183.67937044270818
1530,109959,-172.8476737908951
1531,110000,-146.07246955870258
1532,110058,-177.1846481657384
1533,110135,-162.87355729158628
1534,110183,-180.5589033935724
1535,110240,-173.5049699183762
1536,110301,-174.03467045455483
1537,110361,-178.7903762618301
1538,110420,-173.26869754164605
1539,110490,-172.6997659052343
1540,110537,-184.44382600128296
1541,110609,-168.59468428487855
1542,110677,-171.90234510910383
1543,110733,-180.43215123244124
1544,110806,-166.87468418436285
1545,110850,-181.67778288417733
1546,110932,-165.20029330509527
1547,111000,-165.27007214054572
1548,111072,-169.21817528797868
1549,111137,-176.15283274734068
1550,111181,-185.0894736295108
1551,111241,-172.2011755216123
1552,111293,-179.56851710094804
1553,111345,-184.5674104833373
1554,111403,-177.51048540174457
1555,111465,-174.4265075892651
1556,111526,-175.73388096860066
1557,111580,-181.9133956616259
1558,111658,-167.68192909216663
1559,111717,-175.71671073942028
1560,111783,-174.5230118451924
1561,111827,-185.20222089204935
1562,111902,-165.45640374529293
1563,111961,-175.21061254314344
1564,112000,-111.78784612280492
1565,112061,-174.01884016118268
1566,112135,-164.11816824729672
1567,112212,-168.04441586653758
1568,112260,-181.99660791619755
1569,112318,-183.94410455024655
1570,112386,-168.13215073663682
1571,112438,-179.36189166934133
1572,112491,-183.31930552280744
1573,112575,-163.79461804913657
1574,112651,-170.76182399961522
1575,112708,-178.01904977495315
1576,112785,-166.03738409807755
1577,112845,-173.8418823136774
1578,112892,-182.64214588069535
1579,112967,-164.20911113885586
1580,113000,-105.03004558254172
1581,113063,-175.1711325757596
1582,113121,-183.0422729111189
1583,113181,-176.35440234589203
1584,113241,-174.36287893005897
1585,113306,-170.16798084340732
1586,113369,-181.06190806089933
1587,113443,-167.42858044920592
1588,113498,-178.2267699365744
1589,113565,-174.53006594678345
1590,113646,-163.33948821345416
1591,113729,-163.12118472036158
1592,113805,-166.4569452399667
1593,113859,-179.93076877381682
1594,113924,-172.8138764019339
1595,114000,-167.62625719308036
1596,114054,-185.5543344725961
1597,114112,-178.63786979210494
1598,114155,-184.45671049473088
1599,114203,-180.146735013962
1600,114262,-175.24725875284298
1601,114324,-177.336510839189
1602,114382,-181.57911024312767
1603,114426,-186.7006817875136
1604,114473,-186.0644341899427
1605,114560,-165.59296747486476
1606,114622,-178.4670467974612
1607,114677,-181.6294128311563
1608,114731,-181.2047700562391
1609,114785,-176.23997583711974
1610,114832,-182.4475571401649
1611,114875,-178.99152360586862
1612,114952,-168.58381796213325
1613,115000,-165.43993843359382
1614,115072,-174.67319560946302
1615,115139,-170.78170982886178
1616,115205,-173.53316295731673
1617,115275,-164.51271936592724
1618,115358,-163.305881775159
1619,115436,-167.11147602615824
1620,115517,-163.24654439186492
1621,115596,-163.1718334371806
1622,115642,-188.0634705375188
1623,115724,-165.7244151964733
1624,115781,-182.52399523217497
1625,115865,-164.08806339542076
1626,115925,-175.82537257713633
1627,115996,-167.91363827278641
1628,116000,-104.16047900376918
1629,116069,-171.32052501053744
1630,116112,-184.0636116359662
1631,116159,-182.8275332030458
1632,116215,-178.0111709501763
1633,116268,-181.17261625604868
1634,116322,-179.99362080116327
1635,116386,-179.46354852933104
1636,116454,-170.00575155910096
1637,116533,-167.01491877124008
1638,116592,-177.2852445914391
1639,116655,-177.50449717889373
1640,116728,-164.82511618453793
1641,116774,-182.39660975232056
1642,116840,-174.460241416829
1643,116903,-178.46866266086295
1644,116957,-177.37091804227006
1645,117000,-126.37453283248648
1646,117053,-185.2622128481273
1647,117106,-179.57102628247637
1648,117170,-169.06384131310057
1649,117226,-179.64651165152563
1650,117301,-167.1868560767702
1651,117351,-183.23769518054377
1652,117403,-184.4074822776644
1653,117453,-180.34769597934695
1654,117509,-180.59555487726132
1655,117563,-177.79705228326782
1656,117643,-164.14237059426173
1657,117704,-179.14185084231235
1658,117784,-164.96487609791492
1659,117846,-172.17422753221257
1660,117923,-166.7111682933612
1661,117968,-182.6533432428859
1662,118000,-111.16731280155102
1663,118049,-179.78003448911224
1664,118118,-168.43144299408198
1665,118160,-185.07018847925897
1666,118226,-165.522073153398
1667,118270,-184.2747356082826
1668,118349,-163.91000185082078
1669,118432,-160.55199379214784
1670,118483,-176.91043523660204
1671,118541,-173.8900939075186
1672,118590,-185.25668235701363
1673,118650,-174.75853080581183
1674,118732,-161.28703673492646
1675,118796,-170.85378840177364
1676,118842,-183.21459068223834
1677,118909,-174.16851705893697
1678,118960,-181.66682817312017
1679,119000,-120.13098468140113
1680,119045,-185.50777683311935
1681,119106,-169.36829430623675
1682,119175,-167.30357107790644
1683,119248,-166.09530475514066
1684,119296,-182.01024710573688
1685,119376,-161.0687912791447
1686,119432,-174.00135174100052
1687,119505,-166.8631313042072
1688,119565,-174.76200349395634
1689,119624,-174.92008557321316
1690,119678,-176.64701052660945
1691,119757,-159.16276192937588
1692,119833,-164.6052171958735
1693,119908,-166.97432154570916
1694,119975,-168.67179333675466
1695,120000,-111.71889395258931
1696,120078,-164.5896147193773
1697,120147,-163.9679414636392
1698,120211,-176.67372752611072
1699,120281,-165.4452490650124
1700,120349,-170.60436560001156
1701,120403,-176.16578765894116
1702,120448,-184.6545435946935
1703,120491,-180.3231078239878
1704,120560,-166.84257320429606
1705,120629,-165.2580054323535
1706,120678,-181.680230946062
1707,120747,-164.14605337753886
1708,120788,-179.88217525674594
1709,120845,-172.26562555892258
1710,120889,-180.72310066947506
1711,120968,-161.3758072054474
1712,121000,-113.7218913240004
1713,121077,-166.00165832000454
1714,121145,-173.18348639984802
1715,121217,-167.32980667585377
1716,121299,-162.2721638444267
1717,121352,-173.50574860662593
1718,121410,-177.54908240289865
1719,121469,-173.21771055540177
1720,121529,-172.34032810592797
1721,121581,-180.17471472358534
1722,121638,-177.90899416640673
1723,121709,-166.4821944757044
1724,121766,-181.33191861467117
1725,121819,-181.97852641939704
1726,121868,-178.70593572936238
1727,121914,-180.2162944034543
1728,121988,-165.7730493973769
1729,122000,-107.04460954629911
1730,122077,-163.6048929101624
1731,122147,-166.07009613053287
1732,122199,-180.4921866602035
1733,122267,-172.136793029
1734,122345,-164.63033149004917
1735,122401,-181.95987102227383
1736,122466,-172.4258366697015
1737,122544,-169.17344909658442
1738,122616,-164.96506675504253
1739,122659,-186.8291372534718
1740,122702,-184.52664506553572
1741,122773,-162.72992668782524
1742,122826,-179.65645777144005
1743,122884,-179.10886159019884
1744,122939,-177.07002742339557
1745,123000,-139.10469777591481
1746,123058,-175.46923773895506
1747,123129,-163.49535534736322
1748,123206,-165.06121441755033
1749,123252,-185.1555207846052
1750,123305,-184.09264027667433
1751,123376,-168.93171901478047
1752,123427,-182.75287930082598
1753,123497,-171.31768818644503
1754,123562,-172.95629144678696
1755,123636,-161.30193387918015
1756,123687,-180.91677932966866
1757,123770,-166.6820936662808
1758,123829,-177.45236042615284
1759,123881,-180.66133327583267
1760,123935,-183.97403398240414
1761,124000,-139.593300314726
1762,124052,-180.1859579285793
1763,124102,-177.95650641334916
1764,124187,-164.57159282899556
1765,124254,-174.54918704741013
1766,124317,-176.372331841734
1767,124394,-171.42287514658216
1768,124454,-179.9147982299696
1769,124536,-165.65891348029342
1770,124607,-173.82788964747505
1771,124664,-184.35437263034657
1772,124727,-177.14616451269652
1773,124800,-169.71871314638986
1774,124880,-163.52874161807526
1775,124943,-171.63963329512057
1776,125000,-118.87823796500312
1777,125059,-177.3257185432564
1778,125113,-188.2178980179451
1779,125182,-172.4376393444839
1780,125262,-169.71952878116966
1781,125306,-185.59471875779252
1782,125356,-184.25598635102585
1783,125416,-178.62621470297873
1784,125485,-174.71086560600963
1785,125560,-168.15211988994128
1786,125636,-167.73836334285636
1787,125684,-188.93564153435472
1788,125753,-171.31172820982664
1789,125828,-165.59878209326504
1790,125875,-182.3587011513061
1791,125935,-176.51968347541387
1792,125998,-176.15757396657574
1793,126000,-104.14671737375042
1794,126059,-179.12505764112967
1795,126136,-169.32495194023608
1796,126205,-172.1566669234566
1797,126288,-168.30129487785723
1798,126339,-185.78213601881984
1799,126384,-189.64362415154528
1800,126432,-190.07002774729585
1801,126507,-176.04648500203433
1802,126567,-182.9997678138167
1803,126620,-183.88282473498026
1804,126669,-184.77369151917839
1805,126719,-186.64328949379797
1806,126778,-176.72153135170373
1807,126825,-184.07294053582626
1808,126876,-189.5379366709496
1809,126928,-184.94275570026684
1810,126980,-184.90680257443154
1811,127000,-112.48752062753599
1812,127073,-169.43266641352378
1813,127121,-180.3295832154285
1814,127192,-168.9268442045399
1815,127238,-188.87307667540495
1816,127285,-185.54882548445755
1817,127331,-187.18699448321615
1818,127420,-167.45125193458802
1819,127467,-187.29087763046948
1820,127530,-182.98438161402075
1821,127597,-180.86575356325002
1822,127662,-176.5642058636859
1823,127708,-191.36738593836955
1824,127779,-174.29708494412642
1825,127854,-176.45951973338953
1826,127909,-182.35949437595872
1827,127981,-171.93092613253296
1828,128000,-105.5594669841655
1829,128054,-185.3158970540727
1830,128129,-169.5285931123836
1831,128179,-186.16931390397127
1832,128235,-180.89356222802428
1833,128325,-170.0800149891477
1834,128378,-186.9892519506015
1835,128426,-187.1316356729114
1836,128496,-173.38220079698607
1837,128547,-185.95538757190528
1838,128607,-180.0096548614756
1839,128651,-189.33943567631192
1840,128734,-171.29681338200007
1841,128813,-169.18923442683985
1842,128873,-174.85208334101065
1843,128939,-175.0879221537997
1844,128987,-183.63591887906952
1845,129000,-104.92575278610889
1846,129067,-173.90925686536337
1847,129124,-183.68770870315325
1848,129174,-184.01443896129345
1849,129252,-169.23893726157138
1850,129310,-175.48221923550778
1851,129393,-165.6558445706695
1852,129462,-177.92709119261954
1853,129509,-182.73798772000063
1854,129576,-172.63552730665398
1855,129647,-171.35391940739555
1856,129708,-176.3046793809923
1857,129786,-164.86585641757546
1858,129869,-166.80133481723135
1859,129938,-171.73126978761815
1860,129983,-185.53322066034195
1861,130000,-115.58005376070324
1862,130077,-164.49094617080397
1863,130146,-172.270649370235
1864,130199,-183.5574689685829
1865,130288,-164.50367080846794
1866,130346,-176.2479970940097
1867,130390,-181.81959595473248
1868,130465,-169.76151865476646
1869,130539,-166.6292557456822
1870,130609,-172.79961807406073
1871,130677,-170.05326885983067
1872,130749,-164.72221009812233
1873,130800,-181.86448130435167
1874,130841,-179.49234180910906
1875,130889,-182.78000970103056
1876,130972,-162.84677333267436
1877,131000,-106.6197741565297
1878,131072,-161.7226400394113
1879,131120,-178.59961212828287
1880,131169,-178.7807875291047
1881,131229,-170.4119177999554
1882,131298,-162.72211622996798
1883,131346,-177.4409587180328
1884,131398,-175.40626633959903
1885,131453,-170.08244634167383
1886,131526,-158.4004614089053
1887,131603,-162.49636525651496
1888,131662,-173.84832503710004
1889,131728,-165.05074251753797
1890,131789,-167.98230827582825
1891,131838,-174.71383214256724
1892,131912,-157.08654743561783
1893,131973,-160.26593608287962
1894,132000,-104.55744997393529
1895,132057,-164.33699686802404
1896,132112,-172.20802248284485
1897,132160,-180.14449058987867
1898,132216,-168.59950658515967
1899,132262,-175.0752502969509
1900,132306,-180.32883223341943
1901,132370,-159.64447199604052
1902,132409,-178.38441229663147
1903,132467,-160.57746262622422
1904,132531,-158.85985354516305
1905,132594,-160.17370374419204
1906,132660,-159.13283190097528
1907,132699,-176.13511436362467
1908,132755,-162.839661354475
1909,132807,-167.22794737467822
1910,132861,-162.46128741520604
1911,132914,-162.0576459784917
1912,132960,-166.81242752722417
1913,133000,-145.4780843604913
1914,133038,-170.86306532687703
1915,133078,-170.09084498185345
1916,133114,-166.49711363706626
1917,133160,-160.63793493503476
1918,133221,-161.52427139893422
1919,133274,-162.5418226084224
1920,133318,-162.26853820422542
1921,133350,-160.92770917062933
1922,133380,-159.15023990020268
1923,133419,-159.14256796760952
1924,133454,-159.23777926424114
1925,133497,-161.6694442297864
1926,133531,-158.3306446444526
1927,133574,-161.32434334104494
1928,133616,-160.56033628743748
1929,133662,-161.55857025391776
1930,133700,-157.35768185516383
1931,133742,-158.14110097480233
1932,133780,-160.4438791458297
1933,133815,-157.76251627515103
1934,133852,-161.18228613835336
1935,133882,-157.3771610489446
1936,133909,-156.40255955634345
1937,133958,-162.34507765779227
1938,134000,-155.4854785304836
1939,134026,-156.62663697155747
1940,134072,-163.3299094243689
1941,134105,-157.79027609051795
1942,134133,-154.74756934925477
1943,134164,-156.81208821092932
1944,134194,-158.5859837229396
1945,134235,-159.08534911156218
1946,134285,-165.54633962681407
1947,134337,-162.75317245725438
1948,134382,-161.87862198802105
1949,134409,-155.64621865835858
1950,134458,-161.55154746526202
1951,134501,-161.82956239138696
1952,134546,-160.8474762609689
1953,134572,-153.85307361400373
1954,134627,-163.81256797667385
1955,134662,-159.16866939462193
1956,134706,-163.18056076678846
1957,134746,-157.84757100883814
1958,134781,-160.75646929137997
1959,134831,-162.0902207403181
1960,134862,-157.8807823763959
1961,134890,-157.77474040534153
1962,134933,-162.28559482213194
1963,134962,-155.18050051848917
1964,134990,-159.0721681669275
1965,135000,-104.48832783150267
1966,135049,-164.5252782269782
1967,135089,-161.1721197377152
1968,135117,-156.1092522231737
1969,135158,-161.0188606801385
1970,135202,-162.27340734893576
1971,135232,-158.70882689837788
1972,135282,-165.40628549364115
1973,135310,-157.7829744372358
1974,135341,-157.58923073280505
1975,135395,-163.7795854276778
1976,135435,-160.68141602272104
1977,135467,-157.25199220011177
1978,135494,-156.87939580464231
1979,135534,-161.83655260110882
1980,135578,-160.99740458801793
1981,135604,-155.67075529776287
1982,135640,-160.6245601359177
1983,135667,-156.46196005187485
1984,135700,-156.5855844017391
1985,135735,-160.9523493221414
1986,135774,-161.12697091311009
1987,135812,-160.13495464866006
1988,135860,-163.1023930325228
1989,135890,-157.58373072122737
1990,135924,-156.86401762119036
1991,135978,-164.06975993870276
1992,136000,-110.75019230407163
1993,136037,-161.23569721974522
1994,136084,-162.45790720061117
1995,136127,-161.72053605515282
1996,136160,-157.5844857387739
1997,136206,-162.66342576889508
1998,136247,-161.2509450378172
1999,136279,-159.56802569256303
2000,136312,-159.64847304888627
2001,136353,-162.62024223262375
2002,136380,-158.06454022142697
2003,136413,-161.2486226232757
2004,136459,-161.0707281106917
2005,136492,-159.00235273466149
2006,136528,-160.75475505714468
2007,136558,-157.15464418972684
2008,136588,-157.28091586596406
2009,136641,-163.66512380841078
2010,136686,-163.7260764905079
2011,136717,-157.3248093560046
2012,136743,-155.05470741344558
2013,136792,-162.16949970108584
2014,136826,-158.7117012148249
2015,136881,-165.05210178482542
2016,136928,-163.5822952744632
2017,136963,-158.53297463123096
2018,136994,-159.45930764618302
2019,137000,-109.1360337339335
2020,137042,-162.71235040540108
2021,137070,-155.93149666182205
2022,137108,-158.56691991207026
2023,137140,-160.14659886034343
2024,137180,-158.0870477513858
2025,137212,-159.70792005793393
2026,137260,-162.70906709237033
2027,137295,-159.71211680570534
2028,137339,-163.3045648692909
2029,137371,-158.71412807410204
2030,137404,-158.35732780909078
2031,137450,-164.0026487448085
2032,137484,-158.16168767623313
2033,137535,-161.59949568448053
2034,137566,-159.13714598763508
2035,137619,-163.37125217873373
2036,137672,-162.29243239338342
2037,137718,-161.96923945159156
2038,137756,-160.61524445310002
2039,137795,-161.06239136911807
2040,137836,-161.2025110835311
2041,137864,-156.93412670246528
2042,137915,-162.23889526573163
2043,137956,-160.46674279015852
2044,137992,-160.37009454366543
2045,138000,-105.40110371923409
2046,138026,-156.83864536187426
2047,138070,-161.46279740412598
2048,138105,-159.93899362568607
2049,138149,-160.05007622805164
2050,138203,-163.1053024920004
2051,138237,-156.69445046434288
2052,138265,-155.95446034808364
2053,138301,-157.55004531440397
2054,138336,-158.79399534057072
2055,138386,-162.1689361477022
2056,138435,-161.88533304457968
2057,138474,-159.2864014841636
2058,138518,-163.3292727086131
2059,138568,-162.27036931181564
2060,138604,-159.65734340922165
2061,138644,-159.72581837395515
2062,138691,-159.05397076311905
2063,138734,-163.73050693065255
2064,138786,-162.07047863071978
2065,138833,-162.14767537736986
2066,138860,-155.96058845432944
2067,138906,-160.39451799110702
2068,138954,-162.7142119767322
2069,138992,-158.5200533317839
2070,139000,-104.64523170531709
2071,139030,-156.75369895428398
2072,139064,-161.1763753474435
2073,139112,-159.4258367073113
2074,139161,-163.49945636072002
2075,139216,-165.9915412375011
2076,139251,-157.98645659627758
2077,139280,-157.53167054134005
2078,139308,-155.64672421171542
2079,139336,-156.97826451229975
2080,139386,-161.4253040594402
2081,139414,-156.1579219180762
2082,139462,-161.94386167114953
2083,139492,-159.71125911500684
2084,139535,-162.1316841506225
2085,139590,-165.4636894484761
2086,139627,-159.6640196517289
2087,139665,-161.8015281966506
2088,139719,-165.97595183919114
2089,139749,-157.82581480704042
2090,139793,-160.6551300088558
2091,139849,-165.0985267917007
2092,139898,-162.87953313845878
2093,139928,-157.51847036050967
2094,139970,-161.8071500532966
2095,140000,-140.34018575086913
2096,140050,-162.8907162569741
2097,140092,-163.06499832225342
2098,140145,-164.47864738684643
2099,140173,-157.39420942505984
2100,140210,-162.04707627174272
2101,140263,-163.97831699160696
2102,140299,-158.02075516214342
2103,140325,-157.06299932915488
2104,140353,-156.60868490209288
2105,140386,-159.95689931828727
2106,140437,-164.07025770997248
2107,140489,-162.8401175755838
2108,140540,-163.09155956332313
2109,140582,-162.13064052580413
2110,140633,-164.06510726613814
2111,140671,-162.23489265330986
2112,140716,-163.15176892407877
2113,140757,-160.55613172270233
2114,140796,-159.98329350750092
2115,140831,-158.59554231942778
2116,140874,-161.0295185863419
2117,140905,-158.81897589998664
2118,140957,-162.66726467083953
2119,140995,-161.98319050744016
2120,141000,-105.72015597008779
2121,141035,-159.638803939738
2122,141085,-162.8148580219885
2123,141129,-158.86484063498187
2124,141181,-161.89912174978375
2125,141212,-157.15517554984945
2126,141266,-163.25358409673544
2127,141292,-156.08372986492654
2128,141341,-164.4289462675817
2129,141392,-161.99818102805847
2130,141436,-158.62167561814266
2131,141476,-161.032309208283
2132,141530,-163.7441733249633
2133,141564,-160.99255411414674
2134,141608,-161.7775822705043
2135,141654,-162.4408809475146
2136,141707,-165.51912340539286
2137,141735,-157.49220423518204
2138,141778,-161.22945883782475
2139,141818,-162.6690597399255
2140,141846,-158.59909375358177
2141,141887,-161.71229528714775
2142,141937,-163.72975116804594
2143,141991,-162.30229844433458
2144,142000,-110.08450343928509
2145,142043,-162.3616514966198
2146,142094,-164.78838033746442
2147,142129,-157.0331396886437
2148,142167,-159.8082363657229
2149,142195,-157.24495140615156
2150,142236,-161.91304911050165
2151,142277,-159.38486959595917
2152,142331,-162.53189515328955
2153,142361,-156.88957546687485
2154,142392,-158.03440772005933
2155,142436,-158.67011259637775
2156,142486,-160.6068953194322
2157,142522,-158.16802246481797
2158,142578,-166.59189401847786
2159,142628,-161.92038270171656
2160,142682,-162.98962915053784
2161,142715,-158.6734671124497
2162,142757,-161.76493655286714
2163,142809,-165.35848052855067
2164,142845,-157.24459446419263
2165,142879,-158.83962988036498
2166,142909,-159.0052117217537
2167,142945,-159.3687205329519
2168,142992,-160.06166044218088
2169,143000,-108.56906444357242
2170,143037,-158.3387344847694
2171,143082,-158.73778938360547
2172,143110,-156.43297659519644
2173,143137,-156.4014298726846
2174,143179,-161.03717069628576
2175,143225,-160.9286244515618
2176,143252,-155.30924064858687
2177,143287,-158.85495089757285
2178,143329,-162.76959378194775
2179,143376,-162.95900429118132
2180,143420,-159.20406108833703
2181,143463,-161.4364332246135
2182,143489,-156.41852779043762
2183,143515,-155.0664597974119
2184,143546,-158.33541132881754
2185,143580,-158.585988758803
2186,143614,-159.1770275886742
2187,143666,-162.76917884852193
2188,143698,-157.57606276327542
2189,143729,-156.51443576147994
2190,143759,-156.36975303628918
2191,143794,-159.54296710512352
2192,143822,-158.82818749019066
2193,143853,-159.09433696695174
2194,143903,-163.26094882914782
2195,143943,-160.84772458893173
2196,143974,-159.10514003846274
2197,144000,-110.3314119703826
2198,144043,-161.0370783153048
2199,144089,-162.8580978596195
2200,144120,-159.50804884754191
2201,144161,-162.12443555155917
2202,144197,-160.26212220481625
2203,144227,-158.6709071167307
2204,144264,-159.9379154256784
2205,144298,-158.97752023568617
2206,144352,-165.18426228227787
2207,144397,-162.0991626720491
2208,144445,-162.78208494241775
2209,144485,-160.78205401183166
2210,144527,-161.23988313405786
2211,144559,-157.659053366659
2212,144603,-159.56159766859545
2213,144650,-163.5623074902379
2214,144703,-165.15109001205604
2215,144745,-162.1093034522093
2216,144781,-158.9794481840628
2217,144836,-166.7651655258761
2218,144873,-161.99387786866106
2219,144905,-157.8014360977707
2220,144933,-157.46938643868162
2221,144985,-161.39495573929122
2222,145000,-106.26636113585977
2223,145040,-159.46228134842715
2224,145077,-158.6594051896514
2225,145129,-163.10227674491432
2226,145165,-158.92652494748856
2227,145200,-158.76345687897742
2228,145248,-163.26069727503398
2229,145299,-163.45212799422637
2230,145345,-161.7396511445096
2231,145399,-165.0395903355849
2232,145429,-157.46418525236226
2233,145461,-156.7722231263384
2234,145494,-157.94795745200594
2235,145531,-159.74122070079267
2236,145557,-154.50775918085256
2237,145597,-162.0658296729022
2238,145624,-157.19604350832907
2239,145663,-159.2609342487037
2240,145709,-160.97242663463123
2241,145735,-155.80283080888432
2242,145790,-163.8992982153561
2243,145840,-163.81844502978032
2244,145869,-158.45171303344804
2245,145905,-160.05577828478982
2246,145931,-155.92123106613207
2247,145985,-162.20622771059664
2248,146000,-104.58453585878077
2249,146031,-158.17007671205263
2250,146081,-164.65800349426343
2251,146107,-154.69529097791164
2252,146154,-159.83168900077536
2253,146190,-160.05816160196014
2254,146228,-158.57052431307625
2255,146270,-162.22073655851483
2256,146313,-160.6042572725088
2257,146359,-162.73846008311023
2258,146386,-154.60034969277055
2259,146440,-161.46294850349403
2260,146475,-159.3246700968544
2261,146529,-162.7172838531963
2262,146583,-163.80043470658927
2263,146620,-160.84535312778596
2264,146662,-163.23047395115066
2265,146702,-162.79839365934225
2266,146737,-160.35426522220467
2267,146773,-159.32169179469668
2268,146825,-163.5012361873122
2269,146871,-161.93847949292172
2270,146899,-156.2540417500725
2271,146930,-159.08134129825288
2272,146965,-160.91234944514906
2273,147000,-152.83569650852212
2274,147027,-155.2783717143171
2275,147080,-164.2963191621398
2276,147132,-165.84255430298577
2277,147168,-158.99308642634415
2278,147220,-161.31186817786818
2279,147270,-162.3014692902844
2280,147322,-162.05895601776683
2281,147376,-163.36786190843662
2282,147403,-156.42283250559728
2283,147438,-160.24194653728495
2284,147482,-164.12126580798548
2285,147520,-158.7611205383597
2286,147567,-160.32165163834344
2287,147610,-158.80329068921915
2288,147659,-163.5606300892103
2289,147690,-159.0749536586029
2290,147734,-159.29680232176162
2291,147763,-157.37651535878032
2292,147815,-164.3404969381113
2293,147860,-160.42801697418935
2294,147909,-159.7356667032621
2295,147945,-158.98301566500396
2296,147985,-160.18057337993707
2297,148000,-110.57115358254364
2298,148045,-161.01039799065882
2299,148077,-155.82769851302143
2300,148128,-164.8116867263647
2301,148175,-161.5320095402748
2302,148220,-160.42375652710163
2303,148264,-162.0542182853307
2304,148307,-160.48393524343865
2305,148339,-157.22830098776328
2306,148365,-155.95121670546075
2307,148399,-158.27756000045554
2308,148427,-158.5324631989824
2309,148481,-163.14695312159978
2310,148508,-158.23608466532457
2311,148540,-159.39934318560648
2312,148592,-161.14974549385602
2313,148620,-157.7494111956864
2314,148662,-159.02781298043624
2315,148716,-162.57020200424947
2316,148758,-159.16320248341015
2317,148787,-155.12714091859635
2318,148833,-162.26723041351778
2319,148879,-163.3309167368329
2320,148909,-158.436757155193
2321,148955,-162.0143986697284
2322,148992,-158.2388738179558
2323,149000,-108.92220821120932
2324,149045,-161.40688973171612
2325,149079,-158.75146646467226
2326,149122,-160.86037257215688
2327,149160,-157.9881899872576
2328,149211,-165.82181737323498
2329,149248,-161.90950501017966
2330,149300,-164.22381585460738
2331,149340,-161.92802166549728
2332,149385,-161.43773381401542
2333,149440,-164.5881185209886
2334,149477,-157.6862739089061
2335,149515,-159.95633430481718
2336,149547,-157.02383047519893
2337,149578,-157.4395479526847
2338,149628,-164.99466446625496
2339,149654,-155.37075952398737
2340,149702,-163.8518011624754
2341,149734,-157.21357357606917
2342,149760,-154.94769078666363
2343,149815,-163.5324233225917
2344,149854,-160.7221068396973
2345,149882,-156.4895724498976
2346,149929,-161.7643668431905
2347,149965,-158.30388040594775
2348,149991,-154.8651509153803
2349,150000,-111.43758664108442
2350,150026,-154.67579798554806
2351,150078,-162.26365437921618
2352,150131,-164.3695273484425
2353,150171,-157.62227240682518
2354,150208,-162.08713553609215
2355,150257,-162.17195500865083
2356,150307,-162.4408174221746
2357,150358,-162.47984385245744
2358,150389,-157.51472058928883
2359,150417,-156.7080814628813
2360,150470,-163.14344500399403
2361,150496,-155.39400843443113
2362,150540,-163.0702210488698
2363,150593,-163.22554441829007
2364,150647,-162.7707411289989
2365,150673,-156.26666176962942
2366,150718,-161.7064634774646
2367,150753,-159.50843740018033
2368,150787,-158.15721999504305
2369,150837,-163.80482703160655
2370,150890,-163.45969557814792
2371,150940,-162.5707922507051
2372,150971,-158.21241907451846
2373,151000,-126.97990309060742
2374,151047,-161.60786505428666
2375,151098,-161.79381732384263
2376,151125,-155.62423075263487
2377,151162,-158.56621474505414
2378,151199,-161.52240332505565
2379,151247,-163.2340079597266
2380,151293,-162.9292889519358
2381,151335,-158.8922332779666
2382,151363,-157.47379766694695
2383,151400,-160.3487743144415
2384,151438,-162.00966771807728
2385,151476,-159.35266288632798
2386,151513,-161.44304170723052
2387,151547,-156.69525674890141
2388,151601,-164.02614126070054
2389,151652,-163.5375223732216
2390,151695,-162.62664173986826
2391,151731,-158.58780382242597
2392,151757,-154.49578735491204
2393,151790,-157.21520324463302
2394,151836,-161.23691226055377
2395,151882,-163.8394211453006
2396,151933,-164.86670521127647
2397,151973,-162.0019205340716
2398,152000,-122.31125511593959
2399,152037,-160.46324426205612
2400,152067,-158.21536709392907
2401,152094,-158.0994510852128
2402,152125,-157.79173860904586
2403,152168,-161.25632681818757
2404,152208,-160.51413577348342
2405,152255,-161.80130768627572
2406,152283,-155.33141066750042
2407,152321,-159.8651089835282
2408,152355,-159.0887773040567
2409,152388,-158.18047274462268
2410,152435,-159.84021446630356
2411,152465,-157.12697413650153
2412,152500,-159.55098807717792
2413,152544,-159.16181308178002
2414,152584,-162.03674332473307
2415,152611,-155.56192009731242
2416,152662,-160.82780075402385
2417,152710,-161.85881776365017
2418,152747,-159.3601746170956
2419,152776,-157.53334217848212
2420,152811,-160.11275674741387
2421,152862,-164.34817901783785
2422,152889,-155.86174500588297
2423,152930,-159.31288875985788
2424,152958,-157.42098887082648
2425,152992,-161.58906026004456
2426,153000,-104.24751988721779
2427,153040,-158.6435452827182
2428,153070,-156.925631471705
2429,153116,-160.41449045755942
2430,153148,-158.32059925399238
2431,153191,-161.33579962547128
2432,153238,-160.8784142683193
2433,153266,-158.26234384994956
2434,153314,-161.70608778400714
2435,153359,-161.92980947213718
2436,153398,-159.3304980004306
2437,153438,-160.91541306518053
2438,153488,-164.9132224301797
2439,153533,-162.1763847297082
2440,153564,-157.18218630344327
2441,153615,-162.24997040939513
2442,153656,-161.11609530752872
2443,153689,-158.98985175326368
2444,153737,-160.04752869132898
2445,153764,-154.32054587033738
2446,153798,-159.81648643833023
2447,153845,-162.74065201668537
2448,153889,-160.20092172095568
2449,153941,-165.31206829828108
2450,153976,-159.2363148284651
2451,154000,-149.265677340542
2452,154041,-159.38580775134227
2453,154094,-163.35073578564214
2454,154134,-160.00508333801048
2455,154169,-160.01779823472904
2456,154221,-166.19599065815973
2457,154267,-162.46037566071675
2458,154298,-159.06736303789495
2459,154336,-160.90091555745505
2460,154362,-156.87734298419957
2461,154400,-159.10628356801897
2462,154452,-164.04037890126645
2463,154506,-163.16212770028508
2464,154555,-162.7917884585351
2465,154605,-163.28792057637776
2466,154649,-159.93378291837553
2467,154676,-157.95756068694823
2468,154718,-160.57660808887934
2469,154769,-162.62531357937607
2470,154813,-162.40009604523144
2471,154867,-163.6813922282809
2472,154900,-160.1116833169158
2473,154943,-159.44294094313764
2474,154987,-162.81186465940468
2475,155000,-106.95239641301539
2476,155049,-165.0307901718045
2477,155084,-159.76046513972761
2478,155112,-156.8707347910884
2479,155143,-158.57001513472665
2480,155184,-159.899902089021
2481,155224,-160.84945045984293
2482,155256,-157.14618107623767
2483,155307,-163.18885422073572
2484,155361,-164.28318440498728
2485,155402,-161.79823247532687
2486,155456,-164.51559426447346
2487,155496,-159.08380832514672
2488,155540,-160.85042493436725
2489,155576,-158.00114741359073
2490,155608,-157.27624248225683
2491,155640,-157.125117039455
2492,155669,-156.8251753726779
2493,155721,-165.08427793886938
2494,155763,-158.72406344803056
2495,155803,-162.00661537612115
2496,155857,-163.35348154500676
2497,155887,-158.04134442831648
2498,155914,-157.73261437901215
2499,155949,-160.8215319171073
2500,155976,-157.5871282775712
2501,156000,-117.37317459141232
2502,156052,-161.12965170090337
2503,156095,-161.81375589727097
2504,156133,-160.73604058871837
2505,156169,-160.87836476562887
2506,156198,-157.9668224866066
2507,156229,-155.98832926089224
2508,156274,-159.49829593841258
2509,156327,-164.0025683589244
2510,156354,-156.9353120363209
2511,156401,-161.90330358907931
2512,156432,-157.92937166555416
2513,156474,-159.56780299045585
2514,156521,-162.55631293511365
2515,156555,-157.96933607780315
2516,156591,-159.4444669407551
2517,156624,-156.87750117546875
2518,156670,-163.36071321478394
2519,156702,-157.45618771512943
2520,156735,-160.63581445006946
2521,156770,-161.95558497167053
2522,156800,-157.7228693850613
2523,156849,-164.8670848187196
2524,156901,-164.9903723372862
2525,156952,-160.83785024387493
2526,156997,-162.43272138775933
2527,157000,-106.01213630916993
2528,157047,-162.19630682438626
2529,157090,-162.2003346805455
2530,157118,-156.26397784417193
2531,157167,-162.12714716181065
2532,157198,-157.5025070068835
2533,157230,-160.19368878436617
2534,157271,-162.10661186780814
2535,157301,-155.98205003225064
2536,157331,-158.75608523921176
2537,157364,-155.98885996661596
2538,157397,-160.6557542244255
2539,157430,-159.41857706874399
2540,157473,-160.92014092212324
2541,157509,-159.4112853110227
2542,157552,-161.55829853704924
2543,157605,-164.50458793565167
2544,157653,-161.4372997548459
2545,157690,-162.0536273903545
2546,157718,-155.9529284374715
2547,157746,-157.85700390985977
2548,157796,-162.08584000441323
2549,157847,-162.87865088202233
2550,157885,-160.40377334440927
2551,157923,-162.05661125659972
2552,157963,-158.70143214856964
2553,157997,-160.80203707589138
2554,158000,-106.07155869866648
2555,158051,-163.9242701497651
2556,158096,-163.32593916188833
2557,158140,-160.82684955946678
2558,158194,-165.38827393331985
2559,158229,-158.63945032894975
2560,158265,-160.12556489310919
2561,158301,-160.7107617706636
2562,158327,-156.1867928076353
2563,158375,-160.83248905668256
2564,158411,-161.29943656147267
2565,158448,-160.34358704352417
2566,158478,-160.125436037903
2567,158508,-157.35500974052658
2568,158545,-160.07131856598102
2569,158580,-159.6792897857896
2570,158622,-163.00314583045312
2571,158671,-162.66561234785624
2572,158723,-161.25003139512236
2573,158755,-157.62051495957218
2574,158784,-156.44483378046607
2575,158813,-158.8207387389441
2576,158868,-164.88097157610693
2577,158906,-159.10328494306373
2578,158936,-158.92032871653464
2579,158970,-160.21675417716244
2580,159000,-134.91970838012725
2581,159037,-162.37260139803945
2582,159088,-162.13826777073336
2583,159124,-157.9803742659408
2584,159178,-163.68717749080935
2585,159233,-163.24215067558163
2586,159272,-157.99138192819285
2587,159311,-159.533461583882
2588,159352,-160.83662941249793
2589,159405,-163.04544965829675
2590,159445,-160.95065864010633
2591,159488,-161.23683012517617
2592,159535,-160.79324040074977
2593,159563,-157.56194451876772
2594,159595,-156.02869863844336
2595,159623,-158.34217881710356
2596,159664,-158.28706705856243
2597,159701,-159.2434392209116
2598,159749,-162.14440504385703
2599,159778,-157.98123246404705
2600,159828,-162.23767020359094
2601,159874,-162.9624348112515
2602,159918,-160.90773751631093
2603,159969,-162.38786733423436
2604,160000,-136.30882671472435
2605,160035,-159.44710950458403
2606,160066,-157.02536691756598
2607,160099,-157.88657995959892
2608,160137,-159.62519427035238
2609,160169,-159.5633953302107
2610,160205,-158.06983302396762
2611,160255,-165.20840417473585
2612,160292,-159.32447777391727
2613,160334,-162.14527558966446
2614,160374,-160.65152547768787
2615,160414,-159.16799827171457
2616,160456,-161.66158020088065
2617,160484,-158.32778163481018
2618,160520,-156.93747058659574
2619,160561,-161.1507163552875
2620,160605,-159.94700442241793
2621,160631,-156.6723045296558
2622,160671,-159.59646589634315
2623,160709,-158.6096740167008
2624,160742,-159.63166460968495
2625,160777,-158.51518285908543
2626,160814,-160.53904621089856
2627,160845,-159.62407685228965
2628,160876,-159.02751562609978
2629,160908,-156.58652020650413
2630,160946,-162.31713755771756
2631,160986,-161.1443497428773
2632,161000,-118.0031600817821
2633,161027,-156.57131033095465
2634,161078,-164.0041303387018
2635,161104,-156.1146466281674
2636,161149,-161.6456129221244
2637,161178,-158.13715299703497
2638,161205,-155.3769776821369
2639,161241,-160.35038418540964
2640,161274,-158.8045553195795
2641,161309,-160.4706909384638
2642,161337,-156.3925797834387
2643,161382,-159.60845828524575
2644,161429,-162.0885952230184
2645,161476,-162.92972018713132
2646,161521,-161.48363323332353
2647,161551,-157.31897882987758
2648,161597,-161.66580830098746
2649,161641,-161.3246540157799
2650,161691,-159.72378643223968
2651,161739,-163.86581103451329
2652,161767,-157.37346404508497
2653,161813,-160.95322663521597
2654,161859,-162.53025032274138
2655,161902,-160.97762928730793
2656,161930,-154.72685979162839
2657,161971,-161.76269109684304
2658,162000,-159.40820554396774
2659,162033,-160.61733770307626
2660,162074,-161.02290665743232
2661,162112,-161.23189065393586
2662,162157,-159.54903616931622
2663,162206,-161.71900051113442
2664,162233,-155.69238281602145
2665,162259,-155.23356433563524
2666,162303,-162.9821980438836
2667,162351,-163.06135452100622
2668,162379,-156.71325008851338
2669,162430,-162.58163618820276
2670,162474,-163.57908882913188
2671,162501,-154.3453679475158
2672,162549,-163.12270478929508
2673,162580,-158.01290014855073
2674,162634,-163.64014236256745
2675,162680,-162.94913840891948
2676,162706,-156.2117445257134
2677,162749,-160.23732020386024
2678,162780,-159.31623281381331
2679,162826,-162.32508258210913
2680,162861,-158.79083924734846
2681,162888,-155.03805364841938
2682,162916,-156.04353422927286
2683,162965,-163.9881654350794
2684,163000,-158.99237780696657
2685,163049,-163.30663057596686
2686,163085,-159.98059272969135
2687,163111,-155.48929385945792
2688,163141,-157.02979402310845
2689,163189,-162.45775735430885
2690,163238,-161.39361380570296
2691,163266,-158.0373279567116
2692,163308,-159.48006127357084
2693,163342,-158.43489633604517
2694,163369,-157.14549269047154
2695,163400,-157.0852754256219
2696,163452,-163.48980788817872
2697,163501,-162.0344090137518
2698,163552,-162.34822875947097
2699,163580,-156.7200676414206
2700,163621,-160.63667912865668
2701,163673,-163.6314630462672
2702,163704,-159.50795137758143
2703,163740,-161.3208369556041
2704,163785,-162.29894358773765
2705,163820,-158.35294998574506
2706,163863,-162.81108363801252
2707,163901,-159.8950038441649
2708,163929,-156.75578350690455
2709,163957,-154.75898570504268
2710,163993,-159.1574463132618
2711,164000,-109.2575217024399
2712,164051,-164.78692596505581
2713,164104,-163.75303174035733
2714,164137,-157.86855780349333
2715,164169,-157.71341408705314
2716,164197,-155.34572855571318
2717,164224,-158.23137572272236
2718,164254,-157.83744115407416
2719,164289,-158.68066336027047
2720,164324,-159.70915393369913
2721,164355,-158.15858899704284
2722,164390,-160.01233245297186
2723,164424,-159.1567566105113
2724,164450,-155.60816304070593
2725,164504,-161.22237298224275
2726,164544,-159.84495555523603
2727,164590,-163.4724345715597
2728,164622,-159.90425305192525
2729,164648,-156.2357873535227
2730,164695,-161.666415062663
2731,164727,-158.56628713108256
2732,164758,-159.13748907364396
2733,164784,-154.57403539318324
2734,164839,-163.7613441006693
2735,164887,-164.57370667922473
2736,164929,-161.35271955120888
2737,164955,-156.10460759968421
2738,164983,-156.18256128046642
2739,165000,-105.21916415764555
2740,165035,-159.71613322610804
2741,165076,-160.08216676878655
2742,165117,-159.05853139960817
2743,165160,-159.2975839162555
2744,165187,-155.34867612228376
2745,165215,-155.22586051917975
2746,165263,-164.427440663056
2747,165298,-160.80254662886966
2748,165349,-161.94006744904715
2749,165378,-157.46726013506023
2750,165422,-163.90193397979013
2751,165470,-164.54116576814755
2752,165496,-156.62379610876758
2753,165543,-163.60600200272174
2754,165592,-161.45611104404327
2755,165621,-156.340929038599
2756,165670,-161.89698782054782
2757,165714,-158.944973797209
2758,165754,-159.26884019459538
2759,165807,-161.31322543120388
2760,165843,-158.57811136006808
2761,165883,-160.9407081055098
2762,165933,-163.20397556940554
2763,165981,-161.35246355977728
2764,166000,-109.73899764020811
2765,166034,-157.540782731656
2766,166077,-161.87350678649787
2767,166105,-157.58084987529367
2768,166154,-163.92180077333057
2769,166207,-164.3375981139686
2770,166247,-161.77941502377078
2771,166276,-155.63391022156586
2772,166305,-158.20112395211999
2773,166346,-159.94529896639023
2774,166377,-158.8442124023235
2775,166421,-162.75150814414843
2776,166457,-160.33546516248452
2777,166499,-160.55667115576628
2778,166530,-158.43567376224482
2779,166571,-161.74384536316904
2780,166613,-160.78729979164083
2781,166664,-162.61559380623225
2782,166694,-157.68700938257373
2783,166738,-161.97443656777153
2784,166783,-161.64854999144984
2785,166809,-154.38837566747603
2786,166857,-161.93942783558361
2787,166888,-158.1822557932633
2788,166928,-160.8119148998344
2789,166965,-159.0274810754933
2790,166991,-156.29610542772906
2791,167000,-105.34233559827892
2792,167032,-158.13033916848477
2793,167065,-159.5810724613699
2794,167096,-159.00223140219137
2795,167137,-161.33143274147528
2796,167171,-160.7745608262311
2797,167199,-155.29866496739083
2798,167230,-158.2588605875476
2799,167276,-163.97978825063717
2800,167315,-159.27261833048976
2801,167360,-160.1049616468725
2802,167413,-164.47710969796512
2803,167451,-158.80291764367917
2804,167479,-156.91635253210512
2805,167521,-160.4155182398152
2806,167562,-160.47599114956085
2807,167603,-161.1478730991659
2808,167641,-160.43358809613306
2809,167687,-161.77010696857224
2810,167731,-162.95785546646073
2811,167758,-155.80987240851414
2812,167811,-165.19966736918693
2813,167862,-164.1652103839839
2814,167902,-159.93985549965544
2815,167949,-162.5832403074287
2816,167975,-154.42955292517718
2817,168000,-141.48909663986186
2818,168034,-159.4056715222622
2819,168068,-161.2532559440807
2820,168113,-160.74829703240053
2821,168148,-159.38532737570964
2822,168180,-159.14455250118024
2823,168218,-158.350529830541
2824,168260,-162.26146527094699
2825,168304,-161.01959172876815
2826,168332,-156.65426526412028
2827,168367,-159.69447530244918
2828,168417,-161.74752503047898
2829,168470,-166.05286202146797
2830,168501,-157.3577796698123
2831,168537,-158.64443939009345
2832,168572,-160.22114460647668
2833,168614,-160.49815707462488
2834,168652,-159.3513011932962
2835,168692,-162.34597432129564
2836,168719,-155.63022618367708
2837,168760,-159.97776661337406
2838,168809,-163.6427990376286
2839,168846,-161.64395653017812
2840,168875,-158.73729390033378
2841,168906,-158.8669811052956
2842,168948,-160.23867259715462
2843,168994,-161.70229153428258
2844,169000,-109.53067686058054
2845,169031,-156.30929795515783
2846,169069,-159.67685546369702
2847,169113,-161.99950667637302
2848,169144,-156.1820927206674
2849,169189,-161.12020189895404
2850,169223,-156.9080259629745
2851,169273,-165.48949116312292
2852,169321,-163.7053847818251
2853,169363,-158.8654356419465
2854,169399,-157.59134010453022
2855,169455,-167.04506053376463
2856,169505,-165.34729232815127
2857,169534,-157.3063345651139
2858,169569,-159.2457560453422
2859,169603,-158.99341784169198
2860,169656,-163.53994472911998
2861,169692,-159.9951045345784
2862,169746,-164.39155214521185
2863,169794,-162.0942845460182
2864,169831,-162.33449521219663
2865,169860,-158.0845157912917
2866,169894,-159.1800441054262
2867,169926,-156.81557566244877
2868,169961,-157.60136276554007
2869,170000,-134.74950870117897
2870,170032,-160.34163366384226
2871,170073,-160.16204440193067
2872,170113,-159.77918349842304
2873,170143,-159.56580346419554
2874,170191,-160.496428181533
2875,170219,-155.95665403446253
2876,170263,-158.93775766672863
2877,170311,-164.578627897259
2878,170359,-160.43600293011102
2879,170385,-154.94227084100964
2880,170419,-160.61488798964746
2881,170459,-159.65619408979143
2882,170489,-157.99266530326196
2883,170517,-155.46878724500235
2884,170553,-159.20307912497597
2885,170600,-161.5554558892359
2886,170627,-157.21034659318886
2887,170654,-157.83877396795097
2888,170703,-162.8313933194535
2889,170733,-158.56917654492898
2890,170760,-155.28796585179612
2891,170800,-160.75843310401774
2892,170826,-155.17739424563476
2893,170854,-158.52642287061482
2894,170902,-164.0802028997007
2895,170951,-162.63727398124715
2896,170998,-161.09210244864514
2897,171000,-104.5712598242549
2898,171043,-160.5860881981092
2899,171091,-163.51065822640936
2900,171118,-156.47860597773004
2901,171161,-161.79757154374258
2902,171190,-155.42935164918106
2903,171234,-161.2022965460174
2904,171263,-159.50821689709252
2905,171315,-163.04866398192814
2906,171370,-163.53049107650574
2907,171408,-161.53675170815893
2908,171454,-161.87027510872687
2909,171487,-158.66461697760562
2910,171529,-158.4912993498268
2911,171557,-158.15244617403218
2912,171585,-155.33278792745955
2913,171633,-164.25133552574096
2914,171666,-160.4201307938412
2915,171700,-161.19726378855592
2916,171738,-159.618003874102
2917,171778,-159.28949108978696
2918,171808,-158.58444712152902
2919,171847,-161.1431090869934
2920,171886,-158.77813277881557
2921,171924,-162.13641439937842
2922,171973,-162.0608544299451
2923,172000,-118.3205813035593
2924,172043,-162.6518927449024
2925,172069,-156.00225707346965
2926,172101,-160.17357287849353
2927,172134,-160.38454716850165
2928,172161,-157.68339274517652
2929,172213,-162.6698362105218
2930,172262,-161.5128714535216
2931,172301,-160.52820537388263
2932,172339,-161.03011693097778
2933,172380,-161.55891927873012
2934,172426,-161.5339270716046
2935,172469,-158.86738006885986
2936,172503,-160.25566923804428
2937,172556,-163.56983818670233
2938,172595,-158.84065467101746
2939,172648,-161.9378555769506
2940,172682,-160.64104740306615
2941,172716,-158.92381026143545
2942,172752,-159.20112260405227
2943,172794,-159.5180643675376
2944,172836,-162.46668648828688
2945,172863,-154.3919962163808
2946,172911,-162.56697789798233
2947,172954,-161.16733696122566
2948,172997,-160.11267084760857
2949,173000,-104.16131734841335
2950,173030,-158.5870686515588
2951,173063,-158.13250628620597
2952,173111,-162.36995363099686
2953,173161,-160.4657477702891
2954,173194,-158.1552612823169
2955,173248,-161.78716587637206
2956,173300,-161.71493094881527
2957,173343,-160.27900765985578
2958,173371,-157.41800884369894
2959,173401,-158.3513058373769
2960,173451,-162.27737525925156
2961,173484,-159.90243681667374
2962,173529,-160.74382086167913
2963,173561,-158.60645690593861
2964,173591,-156.50038535139174
2965,173631,-159.43592418875085
2966,173676,-159.88752830270658
2967,173712,-160.91425649117804
2968,173745,-158.86834310687487
2969,173781,-161.980155951582
2970,173809,-155.9245937545431
2971,173859,-163.22671871824326
2972,173896,-158.1702765987875
2973,173932,-157.6379535928166
2974,173962,-158.23431074077612
2975,174000,-134.8184950717898
2976,174031,-156.05999258144232
2977,174063,-159.45999590935082
2978,174117,-163.86021080610678
2979,174165,-162.89473073546594
2980,174208,-162.72898237484213
2981,174251,-160.8308593957022
2982,174287,-158.3818358893752
2983,174324,-159.45378043680998
2984,174370,-160.52122396707045
2985,174416,-160.15732230690625
2986,174455,-161.1300241848843
2987,174485,-158.20348472424567
2988,174514,-156.1213865578277
2989,174556,-161.393443333706
2990,174594,-159.4330115008283
2991,174626,-158.46858180318938
2992,174669,-160.25390733111718
2993,174701,-159.21643605057932
2994,174755,-164.92748063776003
2995,174795,-159.177245012536
2996,174826,-160.0021306355913
2997,174864,-160.08084098995317
2998,174895,-158.75403381467544
2999,174929,-160.5184563813027
3000,174978,-163.1510993682051
3001,175000,-122.75967462902352
3002,175031,-156.94152533502879
3003,175066,-158.74465143353703
3004,175108,-163.21349799689412
3005,175156,-161.6081444649394
3006,175184,-157.03341253395723
3007,175240,-166.10408595075666
3008,175271,-158.45414622168323
3009,175311,-160.36381209711314
3010,175344,-159.03646884415696
3011,175391,-163.16305908069748
3012,175444,-163.6240636233424
3013,175484,-162.21533077402626
3014,175514,-158.17064033650013
3015,175567,-165.59989512461604
3016,175611,-161.5883339774731
3017,175660,-162.07132025295226
3018,175712,-166.14103170740805
3019,175746,-158.0141814128308
3020,175781,-159.0719764839343
3021,175823,-162.3957473657722
3022,175850,-155.435702044595
3023,175876,-154.3585462609341
3024,175914,-160.4329699539795
3025,175950,-158.66073714775683
3026,175998,-164.19260571508832
3027,176000,-104.39227207616145
3028,176030,-158.2217496107893
3029,176070,-159.56111751078888
3030,176102,-158.79965242462447
3031,176157,-164.61059295633373
3032,176183,-154.17898079815555
3033,176228,-163.12616304693967
3034,176258,-158.0021264181221
3035,176304,-162.11695934511954
3036,176344,-161.94228550157902
3037,176384,-159.54445091437898
3038,176412,-158.13869862887788
3039,176455,-161.77627733628356
3040,176490,-161.32783272270592
3041,176537,-164.08868351169696
3042,176567,-157.40698430274378
3043,176622,-163.30058403000305
3044,176648,-154.65208748763553
3045,176703,-164.02322615670917
3046,176754,-161.91305663576347
3047,176806,-164.58457531350993
3048,176861,-167.13202454839902
3049,176914,-165.7618237470504
3050,176953,-159.21692580204612
3051,177000,-144.98991635950586
3052,177029,-158.25501726945964
3053,177070,-160.73130318778144
3054,177109,-160.59396998086012
3055,177138,-155.39422968667546
3056,177166,-157.1308915840224
3057,177220,-162.16799551965022
3058,177275,-164.79380150510158
3059,177304,-157.66512242298
3060,177331,-156.14307195496724
3061,177374,-161.90244465841525
3062,177429,-165.38117809302776
3063,177456,-155.6690421947794
3064,177493,-160.3361437223803
3065,177529,-160.54377878885677
3066,177562,-160.81120538055075
3067,177616,-162.9258627607703
3068,177653,-161.25629732351018
3069,177689,-159.55159706596183
3070,177718,-158.02847872451335
3071,177748,-155.30288853092165
3072,177781,-160.39290300262488
3073,177811,-158.95180928016498
3074,177854,-158.58499578308374
3075,177882,-158.34031731133524
3076,177911,-157.79015970342388
3077,177938,-155.23686439824795
3078,177971,-158.77722511762454
3079,178000,-110.88392912797356
3080,178035,-158.18753740698284
3081,178079,-162.9945124308823
3082,178123,-163.2079668013543
3083,178167,-161.15011589782281
3084,178221,-162.7015867571074
3085,178266,-160.85188757933463
3086,178311,-159.93718596960466
3087,178346,-160.1815681691656
3088,178381,-160.83284605522755
3089,178410,-157.4085609842293
3090,178466,-165.81993641739712
3091,178522,-165.37078634302236
3092,178572,-161.43989350836245
3093,178608,-160.01074092382643
3094,178652,-160.58730621548477
3095,178692,-160.1518453309617
3096,178719,-154.67779403345207
3097,178763,-161.39773897868884
3098,178813,-162.78206599529418
3099,178851,-162.05139345869054
3100,178902,-160.71702219232301
3101,178930,-155.4439487386563
3102,178968,-160.13077261483863
3103,179000,-132.26490656250633
3104,179032,-158.82314583819561
3105,179060,-157.10224402096821
3106,179107,-160.85001436763582
3107,179142,-160.41365930224646
3108,179180,-159.26878685653926
3109,179221,-160.899115480061
3110,179257,-161.94490651178228
3111,179286,-156.59742167859542
3112,179332,-163.35114071199416
3113,179361,-157.6274178223244
3114,179402,-160.9111423104635
3115,179457,-163.86700919502107
3116,179512,-164.7800251756307
3117,179547,-160.62778952347372
3118,179574,-154.99268459532112
3119,179610,-159.37115235847153
3120,179636,-154.45621054639776
3121,179690,-161.45129074840008
3122,179720,-156.79978606604826
3123,179760,-160.94177975505747
3124,179812,-163.73223477037385
3125,179867,-166.42225966545783
3126,179920,-164.609903054165
3127,179950,-157.4961520885786
3128,180000,-147.06944800056988
3129,180036,-160.5648017022399
3130,180076,-158.25758534265125
3131,180106,-159.03517580591938
3132,180156,-161.28087268863192
3133,180186,-158.91760592279738
3134,180216,-159.47091691365014
3135,180260,-160.4952206890942
3136,180311,-162.54787302488654
3137,180351,-161.3931416655488
3138,180389,-159.05004425921734
3139,180422,-159.4792683658949
3140,180456,-160.9207925049618
3141,180502,-160.1907365602387
3142,180543,-161.31083961373284
3143,180581,-160.96532705157568
3144,180619,-159.8080866702557
3145,180663,-160.6095857166428
3146,180701,-160.12184288587878
3147,180740,-158.59272052265382
3148,180775,-157.95698830029986
3149,180822,-162.81395915076024
3150,180863,-162.17827442911397
3151,180890,-157.20287560302478
3152,180929,-158.96909257309744
3153,180975,-160.3280941492512
3154,181000,-108.13779266610891
3155,181040,-158.51813583579283
3156,181071,-158.52619540934876
3157,181112,-161.51831252655512
3158,181164,-163.19662094564734
3159,181199,-158.56114888239654
3160,181240,-161.6140918404862
3161,181283,-160.7172912239276
3162,181331,-162.82319738662113
3163,181368,-161.08528785705826
3164,181410,-160.5968263759111
3165,181444,-158.95344121957126
3166,181478,-158.10334405119602
3167,181531,-165.64341132285256
3168,181562,-156.2915893457163
3169,181603,-160.32377773651197
3170,181645,-163.55211516391475
3171,181683,-159.68529046356406
3172,181710,-157.38759272235336
3173,181739,-157.48302510031067
3174,181781,-163.12666216228385
3175,181818,-157.94220029551272
3176,181847,-157.82569866257683
3177,181896,-162.29821276477537
3178,181928,-159.2403747108083
3179,181961,-157.505062406606
3180,182000,-141.73632349792325
3181,182031,-158.25023194456134
3182,182083,-164.9797299966677
3183,182138,-163.3118951372775
3184,182181,-160.06560155622927
3185,182212,-159.01933509951607
3186,182254,-163.5840280252046
3187,182305,-164.17866678881992
3188,182347,-162.10370845366447
3189,182398,-164.85314789899343
3190,182430,-159.27579269308904
3191,182465,-157.1045504914603
3192,182517,-163.65127283601532
3193,182550,-156.6824020430605
3194,182585,-158.09595789449423
3195,182631,-162.40053924407647
3196,182666,-161.06412684751575
3197,182705,-159.8472614219035
3198,182740,-159.89182370382218
3199,182774,-158.605766198139
3200,182815,-160.27742631282774
3201,182859,-160.2896990519124
3202,182899,-161.5695211522535
3203,182929,-155.7658414563265
3204,182979,-164.0477088720324
3205,183000,-121.55171717300749
3206,183029,-158.55449267278476
3207,183077,-163.3751468392153
3208,183131,-163.78888224054117
3209,183183,-162.87369368422236
3210,183225,-161.8202097678594
3211,183261,-159.62260837106362
3212,183291,-158.99128665298684
3213,183322,-156.66680916976185
3214,183370,-161.5719499941987
3215,183423,-163.10105962523096
3216,183478,-164.6244236576019
3217,183532,-165.97753557689038
3218,183560,-157.82449868270473
3219,183607,-160.80204181029632
3220,183635,-159.0771344494057
3221,183689,-166.33641238858405
3222,183721,-158.45863205360936
3223,183757,-157.44146295223607
3224,183803,-161.7909993379368
3225,183854,-161.8120168647951
3226,183896,-159.01347695790952
3227,183936,-159.6680462228643
3228,183971,-161.62266364630455
3229,184000,-149.94068332041235
3230,184053,-164.1226238267832
3231,184095,-162.52418745021018
3232,184144,-159.98671399339023
3233,184173,-158.20303702755862
3234,184202,-157.64590301544885
3235,184246,-159.1950058553294
3236,184281,-161.49791906721327
3237,184332,-163.09404566527206
3238,184363,-159.69575068297806
3239,184400,-162.07063379019183
3240,184449,-161.20548011843553
3241,184503,-163.23424778403904
3242,184538,-159.0947033727202
3243,184572,-158.48342735748238
3244,184623,-162.02034179593946
3245,184651,-158.23936386603089
3246,184690,-159.6803240209106
3247,184731,-161.76858972939823
3248,184771,-159.69396462263035
3249,184818,-162.07437988938284
3250,184870,-161.6600640115102
3251,184921,-161.46445080236515
3252,184964,-159.3781783429128
3253,184994,-158.94109676259671
3254,185000,-109.63328931217217
3255,185029,-158.19345860561248
3256,185082,-163.4699545280386
3257,185128,-160.32311224084177
3258,185165,-160.31307071052333
3259,185201,-159.29714522819296
3260,185242,-160.10933478541304
3261,185280,-159.82553413651846
3262,185328,-161.99201209608339
3263,185368,-163.06528228282923
3264,185417,-161.6661863513341
3265,185454,-160.27335494217127
3266,185499,-160.50496116542465
3267,185545,-163.50359485579335
3268,185587,-159.30262437390562
3269,185634,-162.42706291160417
3270,185676,-161.82404973559392
3271,185731,-164.99077391091936
3272,185784,-162.86866935782942
3273,185818,-159.62736526541912
3274,185870,-161.00469698955465
3275,185914,-163.7724699078996
3276,185951,-156.96277569985827
3277,185994,-161.13750981082933
3278,186000,-107.05564422358115
3279,186037,-160.17775607190248
3280,186063,-156.69287619867154
3281,186118,-164.70081002761933
3282,186146,-158.95533076490798
3283,186182,-158.6673753964203
3284,186234,-162.90748904712888
3285,186285,-163.54333224653968
3286,186318,-158.6488888382627
3287,186374,-166.8397870126671
3288,186425,-161.66096861506608
3289,186468,-161.8145993623539
3290,186497,-156.71911564036486
3291,186537,-162.54345258803247
3292,186588,-163.50115294154972
3293,186644,-165.8546720885475
3294,186675,-157.8526466896711
3295,186708,-158.04126381973748
3296,186762,-164.4744241903072
3297,186814,-163.41286150094896
3298,186861,-164.6948081703953
3299,186903,-161.80448378626585
3300,186932,-159.27966319223793
3301,186983,-165.40687128729138
3302,187000,-118.10199872197138
3303,187050,-164.31290407263992
3304,187104,-161.1961705117828
3305,187134,-155.3295112579281
3306,187166,-157.3733593524782
3307,187209,-162.93939787003112
3308,187262,-161.29643892331143
3309,187310,-160.95921604957803
3310,187338,-156.61193772687542
3311,187386,-162.74410966544954
3312,187430,-163.4143736158197
3313,187466,-161.53287508502098
3314,187509,-161.84179599689432
3315,187562,-164.14084685145218
3316,187616,-163.71073842364717
3317,187648,-158.43651926130397
3318,187697,-161.77915701452832
3319,187736,-161.8894948873621
3320,187771,-158.97410931669688
3321,187814,-162.0215893587353
3322,187843,-155.66887242556817
3323,187887,-162.73669609356318
3324,187938,-162.87135966076363
3325,187977,-159.9308806449369
3326,188000,-120.61872442051143
3327,188027,-156.5753445532863
3328,188070,-161.46532901913326
3329,188115,-161.5179196085153
3330,188149,-159.77669792574375
3331,188198,-161.01284928194846
3332,188252,-164.3678347688413
3333,188301,-162.5947162291661
3334,188349,-161.53970652396325
3335,188389,-161.9453726571571
3336,188422,-157.88722746098682
3337,188471,-162.05696436145732
3338,188515,-161.88986865140998
3339,188557,-162.02056342608614
3340,188586,-155.7449467718374
3341,188613,-156.2451346213046
3342,188657,-162.11897546179847
3343,188686,-157.16342234138946
3344,188716,-157.7302176912949
3345,188743,-155.0615070265091
3346,188770,-156.07832319968526
3347,188797,-155.45819177630665
3348,188840,-162.14050059931162
3349,188884,-160.76464583225544
3350,188922,-159.55574532853996
3351,188966,-162.2896282666133
3352,189000,-146.27291410231356
3353,189044,-163.95817229857903
3354,189097,-163.10916431885695
3355,189123,-154.20469855698445
3356,189157,-159.9845487593048
3357,189209,-165.1915422320855
3358,189260,-162.7864466661115
3359,189315,-165.16030424846778
3360,189368,-161.46609556269536
3361,189410,-161.74757293907643
3362,189456,-161.0102405040623
3363,189485,-158.08054360509703
3364,189536,-163.88399558927117
3365,189579,-163.34097698756813
3366,189614,-159.7192242899234
3367,189657,-159.50213992288266
3368,189687,-156.93331910453378
3369,189727,-161.40798619410978
3370,189756,-156.125075280634
3371,189785,-155.93158718971384
3372,189814,-158.68971772479932
3373,189869,-164.09141715581882
3374,189920,-164.01151030032474
3375,189971,-165.4693336956466
3376,190000,-116.56347066878287
3377,190034,-158.58449539528806
3378,190080,-161.27322390393863
3379,190111,-159.0377631808306
3380,190156,-160.65630520558813
3381,190199,-161.27765011600297
3382,190231,-158.60747287580904
3383,190281,-163.06924199114263
3384,190313,-155.78649638838297
3385,190344,-158.21242040603983
3386,190391,-160.01213244104218
3387,190428,-157.51432830015642
3388,190457,-158.0627675385598
3389,190487,-159.2663080556042
3390,190533,-159.44650395993895
3391,190573,-159.42585565497927
3392,190610,-160.8136116847819
3393,190636,-155.690481358983
3394,190664,-156.8696824968939
3395,190719,-163.42825836776873
3396,190774,-162.9467176373115
3397,190827,-163.49212594637572
3398,190859,-158.8396535052644
3399,190906,-160.44540210299607
3400,190934,-154.57217242920296
3401,190989,-165.30666388747125
3402,191000,-114.35240759691635
3403,191054,-165.66661185650872
3404,191096,-163.01097714604492
3405,191126,-157.98550420683128
3406,191170,-163.0236064120649
3407,191216,-160.56805082679085
3408,191247,-156.8096325504655
3409,191300,-164.72973294858014
3410,191338,-161.14044978432585
3411,191368,-155.8352147337104
3412,191408,-159.99953832970064
3413,191455,-161.9511326257626
3414,191496,-159.41934114986225
3415,191540,-162.93305332935273
3416,191582,-163.17152211136118
3417,191623,-158.8232535412933
3418,191663,-159.44218875985433
3419,191704,-160.22437635206538
3420,191740,-159.4930729008574
3421,191775,-157.82147006756526
3422,191804,-157.86144684952905
3423,191843,-161.25198922365755
3424,191890,-160.29162181399153
3425,191918,-155.17466877208255
3426,191952,-159.02034658735198
3427,191995,-163.53745316648664
3428,192000,-107.55898078425868
3429,192042,-162.06537624786156
3430,192083,-160.03327647263356
3431,192122,-159.86607429433275
3432,192160,-159.57709141752048
3433,192201,-161.03808334505183
3434,192234,-158.8425908490342
3435,192271,-157.08318609268287
3436,192302,-158.98423604903795
3437,192356,-162.7296945404458
3438,192411,-163.58284482144887
3439,192462,-163.3065518939358
3440,192514,-160.97191404640265
3441,192553,-161.9609779513295
3442,192585,-158.0589080700659
3443,192634,-164.18307579510693
3444,192686,-161.70751372649613
3445,192723,-159.04386986418424
3446,192751,-155.08905774360346
3447,192801,-165.54330928853062
3448,192849,-164.60554439951957
3449,192880,-156.97883766893943
3450,192928,-163.69670295505307
3451,192954,-153.83499003486486
3452,192990,-160.36473563751557
3453,193000,-115.8954749672018
3454,193046,-162.31316019220122
3455,193099,-163.56236085827058
3456,193128,-155.11547054147758
3457,193181,-164.05068643185658
3458,193214,-158.21122708347465
3459,193264,-162.724692993437
3460,193310,-162.17081680640098
3461,193342,-157.8655807324394
3462,193379,-158.39217521506595
3463,193422,-159.72077418057273
3464,193453,-157.8553581650482
3465,193488,-159.2276957608066
3466,193518,-159.92122625696885
3467,193565,-161.5277110098201
3468,193618,-165.0218008519426
3469,193652,-158.95407708496657
3470,193689,-159.66663629538948
3471,193719,-155.83188795165805
3472,193746,-155.36980647500312
3473,193799,-162.21795851849384
3474,193832,-159.43674349084836
3475,193858,-153.89230220496523
3476,193888,-158.16850976917456
3477,193923,-158.67829011183255
3478,193971,-161.8749413744829
3479,194000,-118.01920911548088
3480,194033,-160.6769564334822
3481,194080,-159.55552163612955
3482,194133,-162.39453579183825
3483,194165,-159.49296954365417
3484,194201,-158.87340235035418
3485,194248,-162.5636863203019
3486,194293,-162.79062256681792
3487,194330,-158.89532314089496
3488,194365,-159.14912523349773
3489,194415,-161.83609222098363
3490,194452,-162.1431073316769
3491,194480,-155.54141478477462
3492,194508,-157.8464472730345
3493,194545,-160.2928085751405
3494,194572,-155.7114806360718
3495,194606,-160.57385891320158
3496,194661,-164.19664229913525
3497,194690,-159.59320571335354
3498,194728,-159.54908083190958
3499,194760,-160.60878022742367
3500,194808,-163.55089409327599
3501,194834,-155.01986175979903
3502,194861,-157.89932059518637
3503,194908,-161.6266659229998
3504,194947,-159.6841698866511
3505,194994,-159.7028179491184
3506,195000,-104.15850379280378
3507,195035,-160.45747435746958
3508,195070,-160.25517911387539
3509,195108,-159.3165574045679
3510,195144,-158.95453805818758
3511,195188,-160.45960817156697
3512,195234,-158.95316910750816
3513,195287,-166.07649054678464
3514,195337,-161.3829126465698
3515,195370,-160.04227702439826
3516,195416,-160.73985674887044
3517,195459,-159.71756358738
3518,195515,-167.25100942573582
3519,195556,-161.06098756184372
3520,195597,-160.01625314330735
3521,195647,-162.9911598302603
3522,195682,-160.6280973305023
3523,195722,-160.805171343552
3524,195774,-164.03824229606286
3525,195808,-157.52705753150093
3526,195842,-158.0999781249574
3527,195876,-158.1161587520832
3528,195928,-162.7072336235949
3529,195969,-159.1899452056114
3530,196000,-121.30096926268331
3531,196047,-162.27462945703664
3532,196078,-159.09872307922734
3533,196107,-157.21696427622038
3534,196161,-164.37683065955486
3535,196203,-163.27795065695176
3536,196258,-164.26422288166995
3537,196309,-163.72199995242391
3538,196348,-161.63849244977357
3539,196396,-160.84226953196614
3540,196437,-160.4671922669533
3541,196466,-155.41889803487814
3542,196516,-161.66928675091654
3543,196554,-158.27965785896544
3544,196580,-156.27872002124553
3545,196622,-158.68287475382908
3546,196658,-159.59961230397198
3547,196685,-156.5991903972349
3548,196731,-163.7328223634398
3549,196772,-159.3976222048456
3550,196808,-160.02203854437897
3551,196853,-162.74185683652928
3552,196897,-162.27678504029763
3553,196939,-158.89297302735875
3554,196972,-160.6725337237109
3555,197000,-111.46133171979886
3556,197028,-157.88771066557504
3557,197059,-156.4269369497471
3558,197103,-162.19288672847034
3559,197147,-161.14748135991772
3560,197202,-165.08871870232542
3561,197245,-159.85782716689255
3562,197291,-161.17339429694704
3563,197330,-159.30770316222484
3564,197385,-165.89021682849915
3565,197439,-164.82041064980393
3566,197489,-160.0126506101955
3567,197534,-161.82741234790916
3568,197574,-159.33852114464406
3569,197609,-161.66087027815936
3570,197651,-163.5108686613965
3571,197699,-162.4873513024993
3572,197749,-162.0364680407414
3573,197777,-156.19068762239766
3574,197827,-162.94664431312245
3575,197864,-159.99433754727605
3576,197901,-160.14969783486237
3577,197942,-159.30912493899766
3578,197994,-163.78268822541565
3579,198000,-104.1499141578179
3580,198040,-160.85734943315222
3581,198072,-160.21597568432296
3582,198100,-155.00557796226343
3583,198141,-161.27400974762983
3584,198187,-162.03704710003692
3585,198222,-156.9294507634683
3586,198251,-156.6623029977505
3587,198291,-159.38827345481135
3588,198337,-160.95578971485196
3589,198378,-159.96276026323017
3590,198416,-158.41992439807876
3591,198466,-162.72361776925996
3592,198509,-163.76634933177584
3593,198545,-160.5507581183144
3594,198581,-161.61877619445494
3595,198608,-157.66448106437605
3596,198638,-158.24486708064904
3597,198665,-154.1668115685971
3598,198701,-159.82318387896552
3599,198747,-160.31444475581156
3600,198789,-158.82615283429067
3601,198837,-164.19259606833566
3602,198892,-165.04016363578
3603,198945,-164.55223409388722
3604,198977,-158.96909553050196
3605,199000,-141.4752905260387
3606,199029,-158.95174798177024
3607,199082,-163.31898321047407
3608,199124,-161.2887151471561
3609,199167,-163.06854499851977
3610,199194,-156.88013566389702
3611,199237,-161.87910972103583
3612,199267,-157.2790939033065
3613,199316,-162.64835869746634
3614,199357,-160.85736347924768
3615,199397,-158.63548402378674
3616,199446,-161.27228574437166
3617,199498,-163.10175620322386
3618,199527,-157.816793905067
3619,199581,-161.15749119550165
3620,199613,-158.2413479305215
3621,199662,-160.50554831636552
3622,199699,-159.48621979335383
3623,199731,-159.3862891714886
3624,199780,-164.12695520920363
3625,199823,-161.96631298088693
3626,199859,-161.82807515464953
3627,199903,-163.91156951079955
3628,199929,-154.3457613928336
3629,199965,-160.3103882842578
3630,200000,-131.82006588292816
