episode,timestep,raw_reward
1,1,-100.58352505021017
2,24,-102.87459732336823
3,30,-101.4182790606092
4,36,-101.88538808616707
5,42,-100.84122191537931
6,47,-100.88210905877152
7,52,-101.48570109478634
8,56,-101.49051564804367
9,63,-101.76887617510832
10,79,-101.88197126650451
11,104,-103.02723926868899
12,114,-102.46337906407956
13,119,-101.43793623303692
14,129,-101.78807305422194
15,133,-100.6521365949856
16,141,-101.21266346442188
17,148,-101.38686518470571
18,157,-102.11919868235375
19,159,-100.62657052405312
20,164,-101.99112122472883
21,176,-101.93214966519801
22,182,-101.7924546548575
23,192,-102.04550367150233
24,201,-101.49325128386927
25,208,-101.70411439951401
26,211,-101.25870014126748
27,222,-102.04704840865904
28,231,-102.78994428309281
29,238,-101.60748888966347
30,249,-101.76066019531893
31,274,-103.07574391013704
32,278,-101.0227227434827
33,284,-101.20470161027086
34,289,-101.78720945338404
35,301,-102.32973418138475
36,308,-101.51018002151089
37,314,-101.14234128393228
38,324,-101.55790368322347
39,331,-100.61783107784028
40,336,-100.71083094387926
41,346,-102.07837337647408
42,361,-101.34528545402374
43,381,-102.60767287512947
44,392,-100.83980822278687
45,423,-103.97320586899258
46,430,-101.32866467168226
47,435,-101.4761991496519
48,458,-103.23437102378415
49,483,-102.75712810793381
50,491,-101.26696183189642
51,497,-101.68740351566301
52,507,-102.13572701084948
53,528,-102.83437062366946
54,537,-102.07800583894998
55,544,-101.63451557187899
56,567,-102.83530862670902
57,606,-105.94185935927644
58,613,-101.46993900121979
59,619,-101.67520509510084
60,628,-102.11560052235306
61,634,-101.79830465825484
62,649,-102.050496895673
63,657,-101.66631433864222
64,661,-100.43639881007763
65,666,-101.63561522499278
66,669,-100.88572183837866
67,675,-101.54987096302227
68,680,-101.53249547515165
69,687,-101.5309328173675
70,693,-100.43033260397475
71,707,-101.14702260779887
72,716,-101.52576682554064
73,752,-107.96358614082621
74,759,-102.01127803271828
75,763,-101.07171991077246
76,776,-101.24944501176486
77,784,-101.53438876213393
78,788,-100.6592862406226
79,796,-101.71014010369157
80,800,-101.16909749946103
81,802,-100.64354375265115
82,809,-100.89715156187044
83,816,-102.38540106461156
84,822,-101.0406558018805
85,836,-101.73576879007284
86,841,-101.41884389045214
87,853,-102.0036636113139
88,860,-101.54365648613857
89,877,-101.47522709149774
90,887,-101.80704525565153
91,890,-100.4372900058528
92,907,-104.33533008325216
93,916,-101.74017435582404
94,931,-101.74316709339976
95,948,-102.10825237149572
96,954,-101.5796803593363
97,961,-101.36300500100945
98,980,-102.29566719807394
99,988,-101.57017634456304
100,1000,-100.99911765119256
101,1004,-100.27071918810495
102,1008,-100.72106777059652
103,1018,-101.12956623303303
104,1021,-101.1216639480321
105,1033,-101.92844963568281
106,1038,-101.20149594338368
107,1042,-101.23212492797254
108,1053,-102.0864879138208
109,1058,-100.52823378439246
110,1088,-103.9843834055688
111,1094,-101.33071948087687
112,1101,-101.91004832643316
113,1107,-100.35331507956042
114,1112,-101.26882296562073
115,1119,-101.33950026751553
116,1125,-101.67449112764737
117,1139,-102.3891030162518
118,1147,-101.62129847191818
119,1160,-101.9090704434242
120,1164,-101.74593051993658
121,1179,-102.27014032881927
122,1195,-101.98480618657581
123,1208,-101.97405557142412
124,1220,-102.14666988035697
125,1230,-101.42783745390932
126,1238,-102.00758177717614
127,1246,-102.12262245734787
128,1258,-102.22247573211806
129,1273,-102.51217541423337
130,1280,-101.25294686769551
131,1316,-104.31589004373546
132,1326,-101.54335007415293
133,1338,-102.36471392933355
134,1351,-101.29781712969857
135,1356,-101.6061683163052
136,1362,-102.18574531162815
137,1370,-102.06636597097125
138,1374,-101.35270192651178
139,1384,-100.69707740603764
140,1391,-101.65676819221723
141,1408,-101.89761831220359
142,1411,-100.72242935402377
143,1422,-101.51152609768607
144,1437,-102.34554736716011
145,1444,-100.74883752630137
146,1462,-102.59849250596507
147,1468,-101.38557230616988
148,1482,-101.70991729337817
149,1500,-102.14575399855755
150,1505,-101.45106697962744
151,1511,-101.69380609049215
152,1519,-101.63070545419224
153,1532,-102.0444594421454
154,1536,-100.62840955116667
155,1549,-101.99524415116692
156,1587,-105.04904072850061
157,1591,-101.3464708670098
158,1596,-101.12301725715504
159,1617,-103.0574075650052
160,1625,-101.43715682280244
161,1629,-100.59522201245666
162,1633,-100.83318599039683
163,1638,-100.67750973195696
164,1644,-100.9918968833922
165,1648,-101.72972285649006
166,1659,-102.03746598792908
167,1665,-101.43039051888505
168,1675,-101.55449760098038
169,1680,-101.43988424005943
170,1687,-102.27547632075336
171,1699,-101.78717673119864
172,1707,-101.88983444721595
173,1715,-101.67053586234708
174,1721,-101.31357882129446
175,1725,-101.02104332512656
176,1730,-101.13390114780441
177,1736,-101.43469603746074
178,1743,-101.60947931280988
179,1749,-101.53093094681073
180,1762,-101.95848649678838
181,1766,-101.15266458622484
182,1769,-100.22341533953502
183,1780,-101.9887052156554
184,1793,-102.37666521654388
185,1805,-101.84550172046438
186,1813,-101.49985911290196
187,1818,-100.34935797064948
188,1830,-102.06389021679502
189,1836,-101.49959813465227
190,1841,-101.57538778589885
191,1849,-101.96666353236293
192,1857,-101.60588083717043
193,1869,-101.94286348422042
194,1891,-103.38799250692735
195,1898,-101.46548640680737
196,1903,-101.26848498192008
197,1933,-103.84551759747328
198,1939,-101.95329832992017
199,1954,-102.34874541498465
200,1966,-101.68432470223487
201,1976,-101.53495838674189
202,1987,-101.59430930826271
203,1993,-101.38887428532738
204,1999,-101.7653301226726
205,2000,-100.84365315419289
206,2003,-100.54706813539717
207,2013,-102.0171534939645
208,2027,-102.3677351180367
209,2033,-100.82122915183979
210,2038,-100.24092240816702
211,2054,-102.16874361212226
212,2074,-102.70527721977795
213,2080,-101.45274598256685
214,2090,-101.70079182991022
215,2107,-102.7848122365057
216,2113,-101.51865031990913
217,2128,-101.9903705443417
218,2132,-100.56849640749772
219,2147,-102.27084553283547
220,2153,-101.97481720342309
221,2156,-100.46773631778309
222,2160,-100.23151315084473
223,2164,-101.46991196782962
224,2167,-100.67308204464959
225,2195,-103.6686368313571
226,2200,-101.42408135907485
227,2204,-100.25326603951112
228,2215,-101.55789801000887
229,2219,-100.72184767731224
230,2235,-101.20738859911854
231,2241,-100.787103539738
232,2290,-105.24410397385155
233,2295,-101.29363751404385
234,2307,-102.05255068013118
235,2315,-101.4538295810199
236,2321,-101.67705172787498
237,2329,-101.91838420329
238,2336,-100.9298959548604
239,2347,-102.48312129492508
240,2357,-101.66280960176752
241,2363,-101.52240811704117
242,2371,-101.42878304813067
243,2376,-101.5635417739552
244,2387,-101.75502900420824
245,2390,-101.03045980964562
246,2399,-101.73455012957808
247,2408,-102.58110485245594
248,2412,-101.41704560813213
249,2418,-100.91076764129623
250,2421,-101.0686740862547
251,2435,-102.59067011014895
252,2440,-101.66071857293873
253,2443,-101.07894170629697
254,2451,-101.42435907697873
255,2459,-101.50829264200271
256,2471,-101.86983630195091
257,2481,-100.69146473850529
258,2486,-101.5823616370414
259,2492,-101.35175521155688
260,2496,-100.4428351387539
261,2505,-100.83871761428402
262,2517,-102.07896506409057
263,2523,-100.54933422783631
264,2532,-102.77056296016508
265,2538,-100.70216427139384
266,2550,-102.23372207080156
267,2561,-102.48556643490109
268,2569,-101.68778353572533
269,2575,-101.58208118758304
270,2582,-101.49076358928934
271,2593,-101.9839246043033
272,2603,-100.57200711465666
273,2614,-101.52325501386531
274,2621,-101.95381790200938
275,2658,-105.01383939305606
276,2669,-102.46793695610629
277,2678,-101.59395488143925
278,2688,-101.91125977811045
279,2692,-101.31808651281092
280,2698,-101.31500576417663
281,2706,-100.52671336190444
282,2715,-102.37275509931956
283,2729,-101.90900146240557
284,2736,-101.75297354519556
285,2757,-102.85101219303954
286,2769,-101.65669235559056
287,2773,-101.39745647788119
288,2779,-100.41346596378156
289,2788,-100.72481991897246
290,2845,-108.6475377680028
291,2849,-100.94802718294963
292,2857,-101.17189540639325
293,2866,-102.16533543410367
294,2879,-101.80613442790575
295,2884,-100.6539961040159
296,2927,-106.84208064632011
297,2929,-100.50045280637482
298,2945,-101.77950295964702
299,2956,-101.75878482180286
300,2964,-102.23956373848786
301,2969,-100.45697368588739
302,2982,-101.44287301458961
303,2987,-100.27170742258313
304,2990,-100.92594108285262
305,2994,-101.22143539429639
306,3000,-100.78167702875403
307,3007,-100.37475110202044
308,3013,-101.78033644112097
309,3018,-101.76167125971135
310,3033,-103.02223625825407
311,3040,-101.28038689372654
312,3044,-101.39611111100601
313,3049,-101.4305138967555
314,3059,-101.95077181919288
315,3071,-102.53350551414208
316,3077,-101.24396115509604
317,3082,-101.64874465942457
318,3085,-101.09704816883878
319,3091,-100.63446606915441
320,3101,-101.85179852218074
321,3109,-101.88078926830926
322,3116,-102.37964698649591
323,3125,-101.70522520357032
324,3140,-102.08267024643251
325,3161,-103.24205633767349
326,3187,-104.23529655396223
327,3191,-101.01139506725643
328,3196,-101.47463559975698
329,3201,-100.87301039491692
330,3204,-101.05432303912558
331,3213,-101.74541481892084
332,3221,-101.81370734284486
333,3225,-101.37145914980586
334,3234,-100.70925046626998
335,3242,-101.60088897615958
336,3253,-101.74021005786963
337,3287,-104.45366446220433
338,3294,-101.5047061788607
339,3298,-101.020984419522
340,3304,-100.87706100910609
341,3307,-101.02854778129587
342,3319,-102.10922714508493
343,3323,-101.01221872774451
344,3331,-101.3425992450532
345,3338,-101.96659610926315
346,3344,-101.30469381845978
347,3348,-100.71020628024604
348,3365,-101.85642888095353
349,3381,-102.5607783840361
350,3393,-102.24518462955707
351,3409,-101.35284334756949
352,3414,-101.32179568148192
353,3446,-103.39204500545021
354,3450,-101.30500696666982
355,3461,-101.61356171685391
356,3469,-101.50547790936774
357,3476,-102.25633211941184
358,3483,-101.8527264850124
359,3490,-100.68220208598221
360,3496,-101.73150004637777
361,3509,-101.95471183925393
362,3519,-102.23436165537889
363,3530,-101.87963338520973
364,3538,-101.95386445007968
365,3548,-102.07118811146294
366,3554,-101.48235455499703
367,3563,-101.79255730690187
368,3566,-100.62756312370321
369,3573,-101.46628559623146
370,3582,-101.6367742013365
371,3590,-101.89057171421084
372,3595,-101.37490733154732
373,3605,-101.50241315776097
374,3612,-101.26322642332421
375,3623,-102.36753464803579
376,3639,-102.17694130386727
377,3644,-101.15707241264829
378,3652,-101.67786437058359
379,3656,-100.43702341568091
380,3659,-100.54137342800415
381,3666,-102.0439834170817
382,3676,-101.94046499050346
383,3680,-100.95984972611807
384,3686,-101.48269174307421
385,3689,-100.51059051399417
386,3712,-103.31629323770417
387,3744,-104.02792836103445
388,3754,-100.93046542577773
389,3761,-101.2384043444203
390,3768,-101.5428585626515
391,3773,-100.42825606192949
392,3780,-101.45382579574147
393,3787,-101.18840394303321
394,3799,-102.26730324047568
395,3816,-102.29583203515712
396,3824,-101.56118863995874
397,3828,-101.18905789698357
398,3834,-100.92817096248902
399,3840,-101.58047132174657
400,3843,-100.57036212757716
401,3848,-101.43645768154285
402,3852,-101.2549869700099
403,3855,-100.92314722361519
404,3858,-101.08243832523796
405,3868,-102.47428179510426
406,3873,-101.26265408445609
407,3877,-101.65043761492788
408,3890,-101.36115876602128
409,3897,-101.03350855729042
410,3913,-102.7279721561008
411,3925,-101.89796019862987
412,3931,-101.79191683656701
413,3936,-100.7192536372794
414,3953,-102.52743350243242
415,3958,-100.72685557212831
416,4000,-105.61046827517715
417,4005,-101.02367641016014
418,4034,-103.1310345044393
419,4041,-101.59782466693224
420,4050,-101.83159344116821
421,4057,-101.54133299538005
422,4072,-102.59964413036775
423,4095,-103.51205170821024
424,4106,-101.93746523708185
425,4116,-101.90107822029393
426,4126,-102.80056381037707
427,4133,-102.09515944252223
428,4142,-101.02691067132064
429,4147,-101.13154897153244
430,4155,-101.91385132642178
431,4159,-100.49337352636181
432,4165,-101.09010374709074
433,4171,-101.68306256336155
434,4179,-101.79245912485842
435,4265,-112.61897198632063
436,4269,-101.21908051476521
437,4274,-100.26831590800003
438,4285,-102.21809230493285
439,4292,-101.43611816860094
440,4302,-100.78786222140674
441,4309,-101.72749884664546
442,4313,-100.34214886575458
443,4317,-101.2462796011689
444,4326,-101.43950773334706
445,4333,-101.78025631054386
446,4341,-101.62668262211913
447,4350,-101.45673167720444
448,4356,-101.84612987488941
449,4363,-100.70344260804802
450,4370,-100.73771972074317
451,4386,-102.81217180915044
452,4390,-100.84206523737534
453,4394,-100.70969117790025
454,4404,-101.64428146608061
455,4413,-102.21940410033466
456,4416,-100.52951437321843
457,4420,-101.17072253625517
458,4429,-100.84604063074852
459,4440,-102.70283944904025
460,4443,-101.11930843083276
461,4446,-100.74018170056588
462,4449,-100.8296926033234
463,4458,-102.15420382175525
464,4483,-102.70136355444717
465,4497,-102.45493321001199
466,4507,-102.27352443638951
467,4519,-102.05438478101341
468,4528,-101.44343983620199
469,4538,-101.53269816945377
470,4542,-100.35869482882946
471,4545,-100.79140243432292
472,4552,-101.79153401641604
473,4595,-105.30976128838024
474,4621,-103.85260262383741
475,4641,-101.27117197033837
476,4650,-102.1003514348224
477,4659,-101.58302312355016
478,4667,-101.53204442652213
479,4675,-101.30828245447616
480,4681,-101.67296915597596
481,4684,-100.97359095242786
482,4693,-101.94809600452862
483,4697,-101.09448545101777
484,4706,-102.09452399191545
485,4729,-104.04259971320496
486,4733,-100.51515616282049
487,4739,-101.9011136649206
488,4742,-101.06702583084574
489,4746,-100.27728830201924
490,4754,-102.07855494368232
491,4760,-101.02009351608987
492,4767,-101.94200190669012
493,4770,-100.93056230891177
494,4775,-101.82875045602178
495,4781,-101.58751389187314
496,4789,-101.14481869681026
497,4799,-101.39459414122582
498,4814,-102.30232098607678
499,4818,-101.19812471961833
500,4830,-101.92804078634592
501,4843,-102.07501140369507
502,4851,-101.8284284978255
503,4860,-101.57299872163627
504,4868,-101.84283296404523
505,5000,-113.22217856774414
506,5011,-102.44330254476512
507,5016,-101.54931993503732
508,5029,-101.4346443425699
509,5038,-101.78380144107467
510,5045,-101.4871841793615
511,5047,-100.33161638283946
512,5051,-100.71467377450644
513,5055,-100.42620799646802
514,5064,-101.66505719547106
515,5070,-100.93991415629655
516,5085,-100.60997211008822
517,5094,-101.85373691377308
518,5099,-101.51111073334758
519,5107,-101.60634507001663
520,5115,-101.86092158270966
521,5121,-101.35353409109507
522,5126,-101.09222075321466
523,5140,-102.06664417123837
524,5146,-101.51576333668892
525,5153,-101.74015841369561
526,5161,-102.00476063428523
527,5172,-102.11604295517805
528,5179,-100.36393427019993
529,5189,-101.71691569629401
530,5194,-101.40812399273798
531,5213,-103.39399104732136
532,5217,-101.37187515441451
533,5225,-101.35291469944828
534,5229,-101.27511786355309
535,5240,-101.78414053346486
536,5261,-102.67847633996108
537,5265,-100.84645516577618
538,5272,-101.72968040812032
539,5300,-103.27507036825344
540,5307,-101.70230442514928
541,5310,-101.07673031886117
542,5314,-101.7194188118418
543,5353,-104.99914256607484
544,5358,-101.73373343205425
545,5365,-100.35552859427588
546,5375,-102.13936749990062
547,5380,-101.38450872406338
548,5390,-102.13141367291969
549,5392,-100.57410438795134
550,5395,-100.35743192553383
551,5404,-101.94214134873985
552,5410,-100.43906459881237
553,5420,-102.0287513106075
554,5425,-101.46152634495135
555,5433,-100.92958937335122
556,5442,-102.15549958370443
557,5446,-101.46808764370614
558,5452,-101.49755849914804
559,5456,-101.26518908533058
560,5459,-100.82099933834978
561,5466,-101.39011004524609
562,5469,-101.00291080765751
563,5473,-101.56298379260389
564,5482,-101.04799005963388
565,5487,-101.67490778666603
566,5490,-101.07481104750921
567,5500,-102.16111437088611
568,5509,-100.77405502511286
569,5517,-102.07652877939024
570,5560,-105.59947050596708
571,5563,-101.05492884518127
572,5566,-100.59736670286827
573,5580,-101.83782461311667
574,5595,-102.52250057119332
575,5601,-102.07118744883314
576,5613,-102.21387248934745
577,5621,-101.6365109971676
578,5643,-103.34193908249757
579,5648,-101.52442681493343
580,5667,-102.49994845963816
581,5678,-102.54606721199843
582,5686,-101.72714238221216
583,5698,-102.53849803445301
584,5701,-101.08737856427597
585,5706,-101.54159151771692
586,5717,-103.34285934521222
587,5728,-102.16053164164781
588,5736,-101.6151778612579
589,5746,-101.95457960030741
590,5758,-101.95501956295294
591,5766,-102.21307046095643
592,5776,-101.80698360203739
593,5781,-101.42748955420508
594,5786,-100.56831456794391
595,5791,-101.59590195559193
596,5797,-101.66396307605876
597,5810,-102.40806825570024
598,5819,-102.19307188936776
599,5828,-101.94147569998547
600,5832,-101.50011915365407
601,5838,-101.17942279474809
602,5844,-101.33775455091762
603,5849,-101.19499893957696
604,5853,-100.47876583571586
605,5858,-100.85874355584515
606,5864,-101.77576120724021
607,5869,-101.79612312286332
608,5871,-100.65953535647775
609,5879,-102.2955761465167
610,5896,-102.05629964894763
611,5901,-101.5978695457358
612,5905,-101.18920206241079
613,5910,-100.66965328067596
614,5917,-101.93604744113304
615,5927,-101.41241325441814
616,5941,-102.6848192496736
617,5944,-100.57504623654368
618,5950,-101.76419573375898
619,5954,-101.38251748147694
620,5968,-102.07105328585095
621,5975,-101.7958120009619
622,5990,-101.77737775665115
623,5998,-101.81096819700576
624,6000,-100.63622983611124
625,6006,-101.59309866195002
626,6017,-101.96108139394951
627,6022,-101.08789835311313
628,6029,-101.62576982146788
629,6035,-101.61520101931153
630,6038,-101.14258662358384
631,6045,-101.43894689441692
632,6053,-102.04921426404061
633,6058,-101.67868493623025
634,6066,-101.05201945308491
635,6079,-102.06264502370428
636,6092,-102.23557415170136
637,6099,-102.12614008690021
638,6120,-103.37221202346174
639,6141,-102.99651903529512
640,6147,-101.8982391866299
641,6153,-101.51446304689236
642,6157,-101.50705212224383
643,6175,-102.5515018140029
644,6187,-101.72109946428509
645,6197,-101.92621831992074
646,6202,-101.62032584499379
647,6213,-101.43363659648466
648,6222,-101.75201392825791
649,6232,-101.67584101240574
650,6235,-100.34587765874332
651,6245,-101.52601752216422
652,6257,-101.98583377942393
653,6262,-100.75864264199718
654,6266,-101.53448866908053
655,6275,-101.9525932537846
656,6280,-101.26269349304344
657,6284,-101.49317416363597
658,6298,-101.55288459731753
659,6306,-101.55475972170903
660,6317,-101.46322049969348
661,6330,-101.68695034799458
662,6342,-102.21046407934203
663,6363,-102.53570930059175
664,6370,-100.28475576162401
665,6376,-101.27582811761587
666,6378,-100.34978289620435
667,6381,-100.8075419151545
668,6385,-101.71385417582388
669,6392,-101.09735840709376
670,6399,-101.88269869635515
671,6409,-101.58844069827778
672,6412,-100.22845363308633
673,6418,-101.86302830317179
674,6425,-101.21594617893729
675,6439,-102.26057826524548
676,6444,-101.25742731803257
677,6460,-102.52074526267278
678,6465,-101.04884732897139
679,6477,-101.48177704908622
680,6481,-100.52580714370944
681,6494,-102.43895729270163
682,6502,-101.63493155974909
683,6513,-101.87370338591991
684,6527,-102.22300361729816
685,6531,-101.31016447570417
686,6559,-103.79742541857162
687,6567,-101.77136426287133
688,6574,-101.36232527194976
689,6581,-101.42197874142278
690,6591,-101.52952583780313
691,6594,-101.04942971621215
692,6600,-100.54526580154416
693,6607,-101.72386580963095
694,6610,-100.68747726841586
695,6621,-102.43699918928259
696,6625,-101.4940790998591
697,6629,-101.62430006015215
698,6635,-101.99799565845962
699,6639,-100.67585676959169
700,6644,-101.62474253999416
701,6661,-102.86093930905416
702,6664,-100.57113161356757
703,6674,-102.54045445725357
704,6682,-101.92564251234327
705,6694,-102.09085742923304
706,6705,-101.95547377831592
707,6709,-101.07075035484756
708,6715,-102.05742694353924
709,6730,-101.6171725072304
710,6740,-101.7621099395041
711,6745,-101.1868759535213
712,6749,-100.50996112264723
713,6766,-102.32019276527002
714,6771,-100.79829896716772
715,6777,-101.19837194600376
716,6808,-104.16753648317409
717,6816,-101.35628883145024
718,6823,-101.2626666468122
719,6834,-101.31148097003472
720,6845,-101.72694697944186
721,6851,-101.03040038614868
722,6863,-102.11144468890659
723,6867,-101.28068015124867
724,6872,-101.53227184173234
725,6878,-101.55938773354515
726,6887,-101.91935855709907
727,6893,-101.06135453341125
728,6904,-101.63835954073694
729,6918,-100.9074994608936
730,6925,-101.74087707989482
731,6939,-102.43296852988922
732,6943,-101.13409081238208
733,6948,-101.2220332981462
734,6960,-102.29285458800946
735,6967,-101.91619794242156
736,6987,-101.98071002053416
737,7000,-101.9103970684664
738,7009,-101.92232988544166
739,7018,-102.11447319069075
740,7032,-102.4296287337156
741,7043,-101.80618371806244
742,7054,-101.87690914789589
743,7059,-101.63610089205841
744,7077,-103.22314098814586
745,7084,-101.98604878982064
746,7094,-102.13904198321222
747,7105,-102.8771277595662
748,7110,-100.66274690327938
749,7121,-102.16082679775229
750,7125,-100.73824392747338
751,7129,-100.74988013737648
752,7135,-100.6836914211263
753,7142,-102.25242442339382
754,7146,-101.19393318307674
755,7157,-101.87074777292715
756,7162,-100.73065793596136
757,7171,-101.88376664131148
758,7175,-100.62994054896707
759,7185,-102.0496561327586
760,7191,-101.66888701729647
761,7198,-101.48394979900277
762,7338,-117.12638679139872
763,7345,-102.10842549730661
764,7349,-100.3404036481642
765,7355,-101.67414453687097
766,7358,-100.50438176952822
767,7363,-100.83439321547058
768,7366,-100.67297311685097
769,7376,-101.382288314437
770,7379,-100.66097533267792
771,7385,-101.91443065026716
772,7391,-101.82545781431912
773,7402,-101.71654094184036
774,7406,-100.48545244363507
775,7415,-101.78373237856913
776,7429,-102.3713018052049
777,7437,-101.71457155291283
778,7453,-102.21480590911906
779,7460,-100.43492230016781
780,7474,-102.24187588029531
781,7480,-101.43034748518899
782,7483,-100.7827612470925
783,7500,-102.15772158714819
784,7503,-100.75877447094706
785,7508,-101.86864426038083
786,7519,-102.62086282046491
787,7524,-101.0204928836185
788,7539,-102.27013258614231
789,7545,-101.62341236487629
790,7549,-101.31182148176543
791,7555,-101.55015523511081
792,7565,-102.00267302527992
793,7569,-101.196164978829
794,7580,-101.87509359270574
795,7672,-112.3926458896616
796,7681,-101.75284727866116
797,7694,-101.8346129190379
798,7730,-104.67930302531035
799,7740,-102.01749652826427
800,7746,-101.67826740901259
801,7750,-100.53758615789847
802,7763,-102.81802650412135
803,7770,-101.84174938258145
804,7774,-101.35425804926064
805,7778,-101.1984126388989
806,7786,-101.7818160428416
807,7789,-100.88374643332524
808,7793,-101.23718077115431
809,7807,-101.86110086628797
810,7816,-101.77982931907249
811,7821,-101.29948111203687
812,7852,-103.7767003232606
813,7860,-101.66072930203379
814,7866,-101.35966560379283
815,7876,-101.80368656820156
816,7901,-105.6190244373789
817,7910,-102.37429074312664
818,7929,-102.35774422666869
819,7938,-101.70522945875186
820,7946,-101.52531231862082
821,7951,-101.46702496771786
822,7968,-102.24389472629196
823,7977,-101.4612897421824
824,7984,-101.43338539159272
825,7988,-101.10399181935502
826,8000,-102.43613433417255
827,8013,-101.67914378928172
828,8513,-62.31781962040805
829,8518,-100.75974953037644
830,8525,-101.36436827111618
831,8530,-100.46452112950958
832,8538,-101.77653360691197
833,8550,-101.65123830632292
834,8570,-103.1380406137101
835,8591,-104.90756135119413
836,8602,-101.93061589049758
837,8610,-100.94263630736856
838,8623,-102.07150991671863
839,8637,-102.12759866245473
840,8651,-102.07717509381025
841,8659,-102.45723995333869
842,8664,-101.27700569802832
843,8675,-101.70567501900646
844,8679,-100.85412740194984
845,8684,-100.3922728700304
846,8690,-100.8927341048917
847,8696,-101.38255271137803
848,8699,-101.11219487718633
849,8708,-100.79866347557088
850,8725,-101.76490393152409
851,8738,-101.70081409570996
852,8748,-101.94806971774369
853,8765,-101.86451434486762
854,8770,-100.893400975463
855,8780,-101.15126297596167
856,8792,-102.14637730534827
857,8800,-101.3051876184032
858,8803,-101.13500332520144
859,8807,-101.38279174125526
860,8827,-102.55253125503032
861,8833,-101.29403448642358
862,8838,-101.60623788150154
863,8842,-100.72773395022787
864,8871,-103.8117394021486
865,8876,-101.31402578043964
866,8883,-101.90731034045393
867,8896,-101.99943817254
868,8905,-101.66527196888944
869,8916,-101.92809041228811
870,8924,-101.81104241738343
871,8927,-101.13580444916069
872,8933,-101.34811977485255
873,8941,-101.92217124100742
874,8945,-101.17133237344989
875,8952,-101.59226611266982
876,8960,-101.10429083343365
877,8967,-100.52943444210356
878,8976,-101.91155754254642
879,9000,-103.26387312849813
880,9008,-101.66534575195757
881,9020,-101.0271362591185
882,9029,-101.93729349254923
883,9035,-101.40748404696906
884,9041,-101.13137911776903
885,9051,-102.3431809933285
886,9072,-103.00808098295391
887,9076,-101.38915264963332
888,9085,-101.39227351427445
889,9090,-101.47791415847774
890,9097,-101.92832353518968
891,9103,-101.27403325193056
892,9114,-101.4489647307312
893,9124,-102.31401801435524
894,9126,-100.42358081700468
895,9139,-101.02288212829787
896,9145,-100.33248080592607
897,9155,-101.47648144485179
898,9168,-101.65950654555665
899,9177,-101.84644705589857
900,9182,-100.65760880952988
901,9188,-101.31063386914715
902,9191,-100.77054344497645
903,9209,-102.69272413845013
904,9217,-101.38207514411057
905,9236,-102.93589507659854
906,9259,-102.58819629485355
907,9274,-102.1802228353906
908,9284,-101.74124849002442
909,9292,-102.2380144345033
910,9302,-101.52385867511259
911,9305,-100.67979101494986
912,9315,-102.07336474129283
913,9321,-101.5012693122365
914,9338,-102.99605670451177
915,9358,-102.30690555538577
916,9368,-101.72430320845694
917,9378,-102.2951575529552
918,9386,-101.82649410219518
919,9391,-101.57294114885316
920,9395,-100.61584831615173
921,9399,-101.54000264313575
922,9415,-102.23601819545249
923,9424,-101.72462644861625
924,9436,-102.21522959097248
925,9446,-102.4256139202366
926,9452,-101.15395784988547
927,9458,-101.44745401618592
928,9463,-101.67817818518616
929,9469,-101.10874005010348
930,9481,-101.88267324593842
931,9493,-101.61652910068885
932,9499,-101.29136398547803
933,9502,-100.64243992536281
934,9513,-102.42820606396579
935,9519,-101.86564840921405
936,9523,-101.34386893934821
937,9535,-102.05591555254169
938,9540,-101.34256277907573
939,9548,-101.54066665840476
940,9557,-101.40881619077803
941,9568,-101.95623895628572
942,9574,-101.61835174583835
943,9578,-101.49964851590359
944,9584,-100.93697078454089
945,9592,-101.71829641418617
946,9596,-101.41248912656644
947,9609,-101.94536558836398
948,9634,-102.72958885896347
949,9644,-100.87953642457875
950,9655,-102.05509309077235
951,9661,-101.05968007595291
952,9667,-101.8937324437863
953,9669,-100.5344749296514
954,9674,-101.45014618266454
955,9725,-107.24182685563261
956,9735,-101.83005893402708
957,9743,-101.91402645578006
958,9746,-101.18827270315536
959,9748,-100.62812643584888
960,9757,-101.7706276995162
961,9764,-101.63628074102937
962,9769,-101.31811783154886
963,9782,-101.97217240314001
964,9795,-100.85583964019047
965,9798,-100.7222054010195
966,9807,-102.12570850607995
967,9811,-100.61208999167977
968,9814,-100.43545306224685
969,9822,-102.26121558495274
970,9835,-102.51642233240173
971,9844,-101.68485238012966
972,9847,-100.80877531732376
973,9852,-100.96830731427521
974,9862,-101.34410785846329
975,9878,-102.10230968839541
976,9885,-101.3598803317719
977,9926,-105.72076035126949
978,9930,-100.65879586214871
979,9960,-104.10038892607473
980,9970,-101.808470308801
981,9977,-100.73560223804613
982,9993,-102.42662094331003
983,10000,-101.12263568173648
984,10003,-100.72079576132019
985,10007,-100.74105837113265
986,10025,-102.95836657478506
987,10032,-101.70878538192055
988,10034,-100.50478513228519
989,10038,-100.49310766198019
990,10046,-101.20823661792534
991,10052,-101.90616352425025
992,10057,-101.21470029455658
993,10065,-101.65910922973043
994,10071,-100.86217418702071
995,10074,-100.99548382943223
996,10081,-100.94801304121708
997,10087,-101.61766902602439
998,10587,-26.855818486971003
999,10598,-102.16403761983028
1000,10605,-101.48016344698976
1001,10619,-101.67596507044648
1002,10627,-100.66824777951376
1003,10633,-100.79028277173737
1004,10637,-101.54683939950492
1005,10641,-100.89074743106111
1006,10650,-101.5446139295639
1007,10655,-101.75157706243725
1008,10663,-101.77181137849037
1009,10679,-102.68500885130985
1010,10691,-102.03143153012478
1011,10701,-101.93608140248986
1012,10708,-101.27993657697776
1013,10714,-101.16242459639052
1014,10730,-102.50700689601196
1015,10733,-100.63164588617347
1016,10739,-101.40349773819463
1017,10744,-101.06359642579423
1018,10751,-102.06502039253935
1019,10763,-101.06261365640808
1020,10820,-107.33328853828316
1021,10825,-101.45029724161712
1022,10828,-101.2137975154108
1023,10835,-101.24339455878622
1024,10839,-100.56362327575349
1025,10849,-101.15364765318935
1026,10860,-102.05598281482479
1027,10867,-101.96065162228257
1028,10899,-104.43377975263871
1029,10908,-100.83869925546635
1030,10916,-102.2541196165344
1031,10924,-101.91186494497235
1032,10928,-100.44552560457251
1033,10935,-101.50018658960332
1034,10947,-101.65224219152654
1035,10955,-101.92888788509276
1036,10965,-101.63568360670264
1037,10971,-102.0559009997741
1038,10982,-101.82601254816639
1039,11000,-102.98611954260157
1040,11004,-100.76714079265916
1041,11020,-102.71827223892763
1042,11042,-103.6995241033892
1043,11047,-100.9587341734965
1044,11061,-102.06531653497267
1045,11070,-101.93407711057976
1046,11076,-101.88337939319096
1047,11092,-102.64129283261401
1048,11098,-100.75580208648961
1049,11190,-112.5579225184869
1050,11203,-101.782460538289
1051,11208,-101.33037371146243
1052,11213,-101.8444963141536
1053,11231,-103.92550366056173
1054,11237,-101.31702029897846
1055,11257,-102.36581303858634
1056,11264,-100.6655438603523
1057,11268,-101.53673253025192
1058,11281,-102.45272048836026
1059,11286,-101.65608458066453
1060,11293,-101.72834897855692
1061,11299,-102.02078663969887
1062,11304,-101.29352472753212
1063,11310,-101.54098023337839
1064,11317,-101.46790392741846
1065,11328,-102.5434539927679
1066,11344,-102.2477055845646
1067,11347,-100.3714974299507
1068,11351,-100.98724966956676
1069,11355,-101.59461286886868
1070,11374,-101.9300842286946
1071,11382,-101.65847274824638
1072,11389,-101.69943885939168
1073,11394,-101.48030097937472
1074,11402,-102.14152868401189
1075,11411,-100.7781909798543
1076,11418,-101.22418962236353
1077,11429,-100.9795167694737
1078,11434,-101.80305805469715
1079,11442,-101.77536869757809
1080,11447,-101.24265090566452
1081,11454,-101.62050037501598
1082,11458,-101.18161713478509
1083,11465,-102.104050646954
1084,11467,-100.50483427161682
1085,11481,-101.70936655386882
1086,11492,-102.43640908284809
1087,11498,-101.46743839224243
1088,11505,-101.3992440721603
1089,11511,-100.87768545266374
1090,11517,-101.86426407684432
1091,11523,-100.67865709938049
1092,11527,-101.05431378942055
1093,11532,-100.86882804151955
1094,11546,-102.2631558688176
1095,11548,-100.29913638836466
1096,11555,-102.07783720870422
1097,11562,-100.74786561973
1098,11569,-101.7024072167424
1099,11572,-100.51263577512202
1100,11576,-100.96069461165742
1101,11610,-104.17517775665321
1102,11615,-100.89747058050366
1103,11621,-101.54476948856565
1104,11635,-102.26463017169011
1105,11642,-101.51321296679215
1106,11651,-101.83914287385822
1107,11659,-101.62159443843527
1108,11668,-102.10796667549094
1109,12000,-145.81563622803665
1110,12006,-101.37953521787396
1111,12016,-102.06092597116812
1112,12026,-102.11573529396098
1113,12032,-101.45085660972609
1114,12046,-101.97003872311917
1115,12050,-100.91962644350404
1116,12058,-102.06117409359415
1117,12070,-102.06478519438704
1118,12083,-102.0693807630534
1119,12090,-101.4464568350103
1120,12108,-102.72328297187896
1121,12117,-100.99955975628818
1122,12131,-101.35463138557631
1123,12137,-100.92136534899849
1124,12144,-101.47631693596566
1125,12153,-101.62635184913216
1126,12653,-22.45526033154453
1127,12661,-101.80743534957675
1128,12668,-101.75481063373672
1129,12671,-101.3022184921584
1130,12677,-101.27464012905729
1131,12689,-101.7366881341346
1132,12702,-102.36930939596212
1133,12710,-101.40320080415155
1134,12721,-102.349485591144
1135,12726,-101.69060661216348
1136,12730,-101.39747106095379
1137,12735,-100.77400690628197
1138,12741,-101.82203773338158
1139,12746,-100.94005385532235
1140,12757,-101.97757064529316
1141,12772,-102.25800595385044
1142,12776,-101.75615367118594
1143,12785,-101.6738250694764
1144,12790,-101.12460011863737
1145,12793,-100.61317341733684
1146,12808,-102.12263411782618
1147,12819,-101.02338715616284
1148,12824,-101.37059140886937
1149,12829,-101.54584809158388
1150,12833,-101.11797456628778
1151,12845,-101.62345229594503
1152,12848,-100.87435856179992
1153,12858,-101.27598958727202
1154,12865,-102.07627132972742
1155,12871,-100.82986215383669
1156,12875,-101.17286790122117
1157,12887,-102.11420978992244
1158,12899,-101.92549852358945
1159,12912,-102.2691035777646
1160,12926,-102.45783965169896
1161,12939,-101.62919369183307
1162,12946,-102.01237028018124
1163,12957,-102.12017739911843
1164,12971,-102.03468918052207
1165,12993,-102.71614775874811
1166,12998,-101.94580944729647
1167,13000,-100.80061535213719
1168,13011,-102.13683703127847
1169,13017,-101.60257668989243
1170,13024,-101.9542132363729
1171,13040,-102.51995754226402
1172,13049,-101.82162928848328
1173,13054,-101.0412878415607
1174,13061,-101.54086254709487
1175,13073,-101.4339732414766
1176,13078,-100.67724053409222
1177,13086,-101.76288469301096
1178,13089,-101.03543633674336
1179,13101,-102.16657881593228
1180,13110,-101.41674817904524
1181,13116,-100.47001451093281
1182,13119,-100.87984841844552
1183,13122,-100.90093428253913
1184,13132,-102.01283049411177
1185,13141,-102.0812404106989
1186,13151,-102.11589895166608
1187,13154,-100.67215217918924
1188,13159,-101.17598580876358
1189,13167,-102.37280505500411
1190,13198,-104.27229524312082
1191,13205,-101.61380064457327
1192,13210,-101.36518652138861
1193,13212,-100.61604002364906
1194,13221,-102.14764473725076
1195,13250,-103.89248756354938
1196,13255,-101.70756700855351
1197,13267,-101.99348093703288
1198,13273,-100.54615538954127
1199,13280,-100.64488594756392
1200,13297,-101.24600204539804
1201,13303,-101.32653293161407
1202,13308,-101.2375980981412
1203,13316,-101.71874951060404
1204,13319,-100.73871337381775
1205,13326,-102.0514747576053
1206,13338,-102.04540305623355
1207,13354,-102.58760744183745
1208,13362,-101.81980642194878
1209,13365,-100.57272375768417
1210,13373,-101.08092340345269
1211,13385,-101.93943914372107
1212,13389,-100.33495499463616
1213,13396,-102.22132528677132
1214,13404,-101.96582512896951
1215,13415,-101.89766567231403
1216,13425,-101.7170884484086
1217,13429,-101.1764536801953
1218,13434,-101.87623035886399
1219,13438,-101.09592665118504
1220,13450,-102.16116181246828
1221,13454,-101.70521896301068
1222,13461,-101.71592785984352
1223,13465,-100.35591118123955
1224,13481,-102.61344746774536
1225,13485,-101.27118193634281
1226,13492,-100.65142996292192
1227,13497,-101.14746501222123
1228,13517,-102.23848693198104
1229,13530,-101.36689896139873
1230,13534,-101.07969794080962
1231,13544,-101.80868698327185
1232,13549,-101.5237207479648
1233,13554,-100.79486222146171
1234,13563,-101.69662023456995
1235,13570,-101.93495764796832
1236,13574,-101.47433797377242
1237,13582,-101.66745940543841
1238,13585,-100.39048017503013
1239,13592,-101.26483527686025
1240,13605,-102.01894029536342
1241,13611,-100.5645308851516
1242,13630,-101.8443995017065
1243,13719,-111.80872121348122
1244,13724,-101.70122871379826
1245,13732,-102.09153931376821
1246,13741,-101.8123346570024
1247,13752,-102.15376071335503
1248,13762,-100.93092656701589
1249,13766,-101.14187991349065
1250,13778,-102.14902703397185
1251,13786,-101.7246789049808
1252,13792,-101.65685159471904
1253,13798,-101.61952241163513
1254,13806,-101.74474315495696
1255,13822,-101.97477483073712
1256,13825,-100.25686606095938
1257,13834,-101.21086146522019
1258,13838,-101.43073465845104
1259,13844,-101.76398540777237
1260,13857,-101.89114944823059
1261,13864,-101.66628202694947
1262,13874,-101.43795962792443
1263,13885,-101.80150349093576
1264,13890,-101.47748684412085
1265,13893,-100.99484307652104
1266,13906,-102.17015795283325
1267,13915,-101.55341276436327
1268,13923,-101.75190588406612
1269,13960,-104.0834847537472
1270,13969,-101.79089492078509
1271,13982,-101.74724281058765
1272,13991,-101.71124835843422
1273,14000,-101.55238003899703
1274,14003,-100.31402890408486
1275,14019,-101.97396805233001
1276,14024,-101.44191451644986
1277,14061,-104.66765631257988
1278,14073,-101.6478442661513
1279,14081,-101.52371697035134
1280,14086,-101.9566400396258
1281,14090,-100.99756900713025
1282,14098,-101.60012710113483
1283,14113,-102.53111847661889
1284,14122,-101.66195260111999
1285,14144,-102.99042325035148
1286,14154,-101.90226951809287
1287,14174,-102.43096645402345
1288,14182,-101.76373530253721
1289,14187,-101.58452657794854
1290,14194,-100.8716261678086
1291,14200,-101.50550054652719
1292,14211,-100.93043396775376
1293,14232,-102.00770582229882
1294,14238,-100.81130023510946
1295,14241,-100.3045876031321
1296,14250,-101.07758943798703
1297,14254,-100.65605542885797
1298,14260,-101.38305565476571
1299,14264,-101.01406479089985
1300,14272,-100.8975703181469
1301,14278,-101.2689679689278
1302,14293,-101.89443404111601
1303,14301,-101.30392850914848
1304,14305,-100.23711245977685
1305,14309,-101.38389242570244
1306,14318,-102.12730355102204
1307,14327,-102.00895367859698
1308,14333,-101.51506253514044
1309,14340,-102.00359013379861
1310,14353,-101.17379355511206
1311,14358,-101.6354269318277
1312,14363,-101.99803347436067
1313,14379,-102.31637051745084
1314,14392,-101.86013400918614
1315,14398,-101.96787065542077
1316,14413,-101.9005256716369
1317,14420,-101.33403283045683
1318,14432,-102.13574537041552
1319,14439,-100.86775315196059
1320,14445,-101.4590927446535
1321,14451,-101.54106714421303
1322,14459,-101.61213059396776
1323,14466,-101.5744217850516
1324,14473,-100.6433979247705
1325,14480,-101.63494867482676
1326,14488,-101.12400822158267
1327,14498,-102.53544010108006
1328,14506,-101.46976766406465
1329,14549,-106.22778593260308
1330,14569,-102.24511214160478
1331,14575,-100.64377346714808
1332,14581,-101.77761746423583
1333,14586,-101.70101135854044
1334,14590,-100.87778251666305
1335,14595,-101.40017855176612
1336,14682,-111.69859674033204
1337,14749,-120.9648027172529
1338,14758,-102.30962051102787
1339,14769,-101.82287123849358
1340,14777,-101.25222275961465
1341,14781,-101.17511180827744
1342,14786,-101.71559978636553
1343,14793,-101.2548834006991
1344,14799,-101.8815544811121
1345,14807,-101.85032541516632
1346,14816,-101.75928427708284
1347,14825,-101.82291902463577
1348,14833,-102.61071317433114
1349,14864,-103.8725363834176
1350,14873,-101.76267857455537
1351,14881,-101.78486209061455
1352,14888,-100.42674633220012
1353,14895,-101.5238072034068
1354,14898,-101.06712020760149
1355,14919,-102.8437081642685
1356,14925,-101.89629195848353
1357,14937,-102.24566344411225
1358,14946,-102.10515927048414
1359,14955,-102.14886277929192
1360,14972,-102.33463099243258
1361,14977,-101.31902633125256
1362,15000,-102.4459379223144
1363,15008,-101.69794289960134
1364,15020,-101.62833886205865
1365,15037,-102.2098032318295
1366,15043,-101.8197257815789
1367,15056,-102.97783896098898
1368,15060,-100.99663853947948
1369,15067,-101.13539986845241
1370,15073,-101.57449065134105
1371,15081,-101.62134773321198
1372,15087,-101.46829712949749
1373,15099,-101.87274697398809
1374,15103,-101.5300132443521
1375,15111,-102.49720461538644
1376,15117,-101.32173830481149
1377,15121,-101.29123833922364
1378,15126,-101.16839184513918
1379,15137,-101.70770325514465
1380,15152,-102.803734060928
1381,15160,-101.87530979908509
1382,15168,-101.76795487445521
1383,15172,-101.19243727945869
1384,15189,-102.2402312187913
1385,15196,-100.77265574874956
1386,15200,-100.5972553481243
1387,15211,-101.02514693614182
1388,15214,-100.31798318786245
1389,15222,-101.93604631996527
1390,15230,-101.83097122607461
1391,15238,-101.75100625864984
1392,15248,-101.82481250767545
1393,15254,-101.00575026737667
1394,15262,-100.92505410832355
1395,15268,-101.34146196648408
1396,15273,-100.29603650617817
1397,15279,-101.68540317927933
1398,15405,-119.56449809530119
1399,15409,-100.4530440237027
1400,15416,-101.27772301230586
1401,15426,-101.43779442812931
1402,15439,-102.62441490059491
1403,15450,-101.94318114228983
1404,15456,-101.59030090056457
1405,15465,-101.5876964845599
1406,15471,-101.84871490559536
1407,15536,-107.56711704560945
1408,15549,-102.02613901949086
1409,15553,-100.82035472052416
1410,15563,-102.05125102219064
1411,15573,-101.29921165211564
1412,15577,-100.72916265245802
1413,15588,-101.75933554966133
1414,15598,-102.07759261564104
1415,15603,-101.3198116982041
1416,15618,-102.2791596256703
1417,15626,-102.17783776612329
1418,15637,-101.65191918237723
1419,15643,-101.70766143379171
1420,15657,-102.3191061869366
1421,15669,-101.7412376684811
1422,15683,-101.52619719257184
1423,15692,-101.4936291786927
1424,15701,-102.0943885055594
1425,15708,-101.87057590693304
1426,15712,-100.95263688573608
1427,15715,-101.05967752416795
1428,15721,-101.44663140343287
1429,15728,-101.98757826937268
1430,15737,-101.68026891757577
1431,15742,-100.77173864129726
1432,15746,-101.024976661378
1433,15752,-101.48142493886186
1434,15761,-101.86309603620025
1435,15772,-101.71460280048774
1436,15780,-102.66758074345427
1437,15808,-105.3732555357729
1438,15819,-101.80800111095317
1439,15832,-101.65147904013365
1440,15891,-108.04300264294233
1441,15913,-103.37852400433982
1442,15924,-101.93625119537985
1443,15935,-101.24852221934648
1444,15940,-100.73767396802062
1445,15942,-100.4298513969976
1446,15950,-101.29637237318063
1447,15958,-101.53099828062555
1448,15966,-100.3633475355014
1449,15980,-102.17904846131559
1450,15989,-101.92192169675081
1451,15995,-101.5831413457411
1452,16000,-100.92937450038214
1453,16007,-101.69190227476012
1454,16018,-102.27436207493501
1455,16022,-101.73935967531226
1456,16027,-101.32577501462242
1457,16031,-101.22556701752963
1458,16045,-101.17721735568917
1459,16052,-101.4297046170611
1460,16067,-102.2998681100811
1461,16076,-101.9813805493411
1462,16084,-102.01877965538905
1463,16093,-101.49239929185188
1464,16107,-102.41340034900739
1465,16132,-103.75070065216448
1466,16148,-103.58478632427412
1467,16158,-101.78872749281875
1468,16163,-101.50102594817143
1469,16166,-100.45403556299082
1470,16181,-102.81259190993599
1471,16189,-101.93182934192609
1472,16196,-101.3254330973843
1473,16200,-100.62278669019554
1474,16208,-102.50856439322986
1475,16241,-104.19036657363829
1476,16249,-102.06786407216742
1477,16255,-101.60720575186929
1478,16262,-101.79073938921032
1479,16271,-101.80745494961376
1480,16276,-101.62062090362002
1481,16280,-100.33260862659291
1482,16287,-101.8725326030765
1483,16305,-102.63458457303099
1484,16313,-101.28072543429539
1485,16318,-101.16513926289939
1486,16327,-101.57251239539329
1487,16341,-101.78261203745625
1488,16347,-101.25527028426765
1489,16361,-101.58169922762988
1490,16363,-100.60585519775945
1491,16368,-101.63999932687334
1492,16373,-101.23744894633076
1493,16384,-102.51633362985008
1494,16387,-101.04591092840974
1495,16394,-101.30024935287243
1496,16401,-101.6311934074115
1497,16414,-102.13981634188688
1498,16424,-102.19104572450438
1499,16429,-100.28611159812361
1500,16440,-101.69579541116566
1501,16452,-101.82340086724598
1502,16460,-101.87837647467029
1503,16464,-100.51987139196537
1504,16470,-101.58779244719993
1505,16476,-101.59088276128145
1506,16486,-102.03380777908302
1507,16497,-101.25449127180566
1508,16507,-101.7840202781787
1509,16518,-101.7115771040315
1510,16531,-102.15765061036367
1511,16537,-100.98893421551342
1512,16545,-101.42126632549636
1513,16553,-101.45208164863956
1514,16564,-101.64492856372603
1515,16569,-101.43034651291485
1516,16573,-101.22852921141053
1517,16584,-102.00541086452884
1518,16592,-102.00339217208108
1519,16600,-101.71970002227732
1520,16604,-101.48874991853492
1521,16613,-100.52941549761688
1522,16619,-101.05210359999008
1523,16639,-101.87885721742455
1524,16651,-101.47026882799548
1525,16657,-101.4059764885048
1526,16661,-100.38282744070489
1527,16665,-100.66381938021581
1528,16673,-101.73580533549392
1529,16682,-101.59967453336391
1530,16696,-102.27674533201117
1531,16718,-103.94491610723591
1532,16721,-100.18354948007651
1533,16727,-101.44349287864401
1534,16734,-101.86059941741625
1535,16737,-100.54103186905905
1536,16748,-101.78444064756536
1537,16754,-101.68733500800752
1538,16760,-101.75653338432076
1539,16767,-101.37536330920022
1540,16769,-100.41737116816353
1541,16772,-100.26944362919751
1542,16782,-102.20645510661618
1543,16791,-102.01643055003744
1544,16796,-100.58564270736859
1545,16800,-101.43901990036287
1546,16820,-102.04442793802454
1547,16828,-101.44542857376807
1548,16834,-101.08830578380851
1549,16853,-102.37827454769403
1550,16860,-101.46477255948287
1551,16869,-101.83118857047782
1552,16880,-102.40237555132248
1553,16892,-101.88897320051174
1554,16902,-101.5162272780374
1555,16910,-100.9087430583889
1556,16913,-100.30000884921053
1557,16923,-102.21279626279134
1558,16938,-101.65603519636856
1559,16943,-100.89563748927675
1560,16957,-102.93640711883778
1561,16972,-102.08017602421376
1562,16987,-102.66319935405873
1563,16990,-101.27240981686866
1564,16998,-101.33339633758291
1565,17000,-100.62613057555954
1566,17005,-100.74391319906205
1567,17070,-109.37653138057053
1568,17077,-100.99477259369031
1569,17094,-101.97000256320524
1570,17104,-102.10070099595478
1571,17108,-101.29581912992728
1572,17116,-100.941702598245
1573,17125,-101.38976205813917
1574,17234,-115.59445110321752
1575,17240,-101.7124422130659
1576,17244,-101.29554169184844
1577,17253,-102.10179549187592
1578,17257,-101.3341630937802
1579,17262,-100.6362308737674
1580,17277,-100.91428358173349
1581,17308,-103.83931687622336
1582,17318,-102.0317570513621
1583,17334,-101.72165770910037
1584,17344,-101.43205628538622
1585,17353,-101.89895056973273
1586,17358,-101.67149324264643
1587,17367,-101.37979840091943
1588,17373,-101.57369564517545
1589,17387,-102.08136727706972
1590,17393,-101.00665266513168
1591,17397,-100.2798245718505
1592,17404,-101.39712786684319
1593,17413,-101.81422015084874
1594,17423,-100.92058976055958
1595,17445,-102.19286734941284
1596,17620,-127.72907918754339
1597,17627,-101.7750296005091
1598,17634,-100.86573120928469
1599,17645,-102.09336283455491
1600,17653,-102.01550325161683
1601,17657,-101.57651537452242
1602,17661,-101.41181150818565
1603,17670,-101.90172667077672
1604,17676,-101.07519223770107
1605,17684,-102.34352398778358
1606,17693,-100.66517540744087
1607,17703,-101.62004688964632
1608,17712,-101.8000134317215
1609,17717,-101.24395339021474
1610,17722,-101.5074756730654
1611,17733,-102.22964430451674
1612,17738,-102.0100091483171
1613,17744,-101.32586568832404
1614,17748,-101.08677976996302
1615,17756,-101.21535198175528
1616,17759,-100.50579411304807
1617,17762,-100.2763888505709
1618,17768,-101.3514720022735
1619,17773,-101.4898208714747
1620,17787,-101.80977738137884
1621,17800,-102.25368892789882
1622,17810,-102.4376123873702
1623,17815,-100.43100717097316
1624,17822,-100.89883707471452
1625,17844,-103.67791111838162
1626,17853,-101.9596546353248
1627,17858,-101.35456976705379
1628,17878,-103.17020224728144
1629,17882,-101.32811261194732
1630,17927,-104.28159666206044
1631,17932,-101.27368687772407
1632,17943,-102.30803239024628
1633,17950,-101.65795555474976
1634,17961,-102.60719421591614
1635,17970,-101.3833320009847
1636,17981,-102.62628919331033
1637,17998,-102.53283668551597
1638,18000,-100.88315000918027
1639,18012,-102.07507312289957
1640,18018,-101.7730402656702
1641,18023,-101.38722678332725
1642,18027,-100.65950954982387
1643,18036,-102.15476164235768
1644,18048,-101.92639558239729
1645,18056,-100.63393445974032
1646,18061,-101.38443934489996
1647,18066,-100.87426121344512
1648,18075,-102.59220543119163
1649,18081,-101.75146052469412
1650,18096,-102.18824486674366
1651,18099,-100.24651146702362
1652,18104,-101.49787401525973
1653,18109,-100.9992246675495
1654,18114,-101.5258114266048
1655,18122,-101.60958156245412
1656,18152,-103.95772726412406
1657,18167,-102.0537455989458
1658,18175,-101.57973832861892
1659,18181,-101.32523205891128
1660,18191,-101.68010213827138
1661,18200,-100.99413678090941
1662,18213,-100.98185518625519
1663,18219,-101.49144420514669
1664,18230,-101.85743693619311
1665,18239,-101.93834944141199
1666,18256,-102.5606067097065
1667,18264,-102.03461878196471
1668,18274,-101.41103141766582
1669,18284,-102.04510003347926
1670,18291,-101.05957898131575
1671,18298,-101.08260944473832
1672,18310,-101.65338243550349
1673,18317,-101.77952279483132
1674,18323,-101.46921429567581
1675,18380,-106.75857225875697
1676,18384,-101.04655670209726
1677,18387,-100.93296492221748
1678,18396,-101.40936266629281
1679,18435,-105.01218777113992
1680,18443,-100.78049126131289
1681,18446,-100.90751916501289
1682,18463,-101.8790454879622
1683,18470,-101.33607993830658
1684,18474,-100.58103194849477
1685,18484,-102.50182673224795
1686,18496,-101.83188056325915
1687,18510,-101.43310464038137
1688,18540,-104.19373598428696
1689,18558,-102.51237787860198
1690,18564,-101.29214508814378
1691,18574,-101.79266612796712
1692,18585,-100.91176782307768
1693,18596,-100.60226405134273
1694,18599,-101.08420533821584
1695,18606,-101.96290474009137
1696,18616,-101.55649910972728
1697,18623,-101.90731539759355
1698,18643,-102.71543322654887
1699,18655,-101.60335625295063
1700,18663,-100.75814746003623
1701,18679,-102.57385603468177
1702,18686,-100.82426332215883
1703,18693,-102.16416689682904
1704,18702,-102.00450785825653
1705,18704,-100.49757300956033
1706,18707,-100.92694845374824
1707,18712,-101.32408630753
1708,18721,-101.8301805136082
1709,18726,-101.43317408875417
1710,18730,-100.61515420127448
1711,18736,-101.46113240358747
1712,18744,-102.1659922707976
1713,18749,-101.38698358019292
1714,18754,-101.57751187329126
1715,18767,-100.93428117130892
1716,18777,-101.61764401288433
1717,18780,-100.61386381949835
1718,18785,-101.53952525352489
1719,18797,-102.3218498989077
1720,18805,-102.14658368958172
1721,18813,-101.05076166248581
1722,18824,-102.01320928253065
1723,18835,-101.73188474806189
1724,18851,-101.86437340350749
1725,18854,-100.2128910595392
1726,18867,-102.257975987275
1727,18878,-101.76572071608079
1728,18886,-102.26033578926555
1729,18893,-101.49748589024648
1730,18897,-101.18739884394627
1731,18914,-101.97310399879915
1732,18922,-101.79937509958043
1733,18927,-101.83099385099764
1734,19000,-108.68305915167399
1735,19011,-102.3017483926983
1736,19015,-100.26807644882712
1737,19017,-100.71048104590014
1738,19028,-101.99767618988312
1739,19063,-104.54415476453605
1740,19077,-102.63522518273766
1741,19084,-101.72877790628495
1742,19105,-103.14934344741214
1743,19109,-101.48278207900391
1744,19170,-109.49520384312213
1745,19180,-102.32684442475112
1746,19186,-101.02374228445274
1747,19580,-149.85632690864327
1748,19588,-101.59068890188003
1749,19594,-100.61400074768639
1750,19600,-101.59455060519193
1751,19603,-100.60037841888426
1752,19606,-100.24147968122325
1753,19611,-101.17048158729985
1754,19624,-102.16843494488627
1755,19630,-101.12483513052267
1756,19635,-101.24675691381648
1757,19638,-101.10851032016154
1758,19643,-101.74056442999229
1759,19663,-101.76849284748475
1760,19674,-101.55728198310082
1761,19679,-100.68060926758012
1762,19687,-100.81197687979092
1763,19699,-102.36073007017262
1764,19704,-101.69025687784796
1765,19710,-101.37982675080556
1766,19714,-100.96987660173481
1767,19724,-102.17296046507748
1768,19743,-102.48809415673925
1769,19748,-101.0795316194943
1770,19757,-102.40894849716013
1771,19795,-104.04957299376834
1772,19813,-102.72295594496352
1773,19818,-101.37729425487825
1774,19830,-102.05704597922794
1775,19847,-101.65211303240706
1776,19856,-102.25519684054125
1777,19862,-101.64771544376043
1778,19869,-101.58848382059857
1779,19887,-102.25384587833031
1780,19892,-101.32456339065004
1781,19894,-100.57759084500164
1782,19902,-101.72487006250688
1783,19944,-106.02875109172282
1784,19948,-101.00218821771182
1785,19977,-105.00008618507601
1786,19993,-101.31268686782283
1787,20000,-101.30851946911471
1788,20009,-101.49851416145708
1789,20013,-101.3256017098485
1790,20025,-102.4367332466836
1791,20033,-101.7403886293066
1792,20041,-101.56223546642275
1793,20051,-101.50576096020642
1794,20059,-101.76733360227502
1795,20063,-100.50867851893904
1796,20074,-101.66307527803228
1797,20081,-101.96259210732754
1798,20085,-101.50886943997092
1799,20099,-101.52968501115672
1800,20104,-101.32779429154783
1801,20110,-101.10096527390486
1802,20116,-101.40930870722244
1803,20122,-101.69776789465311
1804,20130,-100.3934879642626
1805,20137,-101.75776479512393
1806,20141,-101.31538865954853
1807,20177,-105.06224526973702
1808,20187,-101.94576287294795
1809,20192,-101.60869629814137
1810,20195,-100.90704508792096
1811,20208,-101.4217965089522
1812,20227,-102.33510526360155
1813,20235,-102.22193107237484
1814,20240,-101.03578873799349
1815,20259,-102.76859376502274
1816,20266,-100.6850645419245
1817,20284,-102.21566244894085
1818,20290,-101.45591123256685
1819,20301,-101.95397117368292
1820,20311,-102.0580716215579
1821,20315,-101.23205955531637
1822,20330,-101.32693549682875
1823,20337,-100.85782798344773
1824,20344,-101.86128957900843
1825,20354,-102.11956948214184
1826,20358,-100.94165603887392
1827,20368,-101.83863616768393
1828,20378,-101.77897050075005
1829,20388,-101.63168946081387
1830,20397,-101.55147942095351
1831,20406,-101.87205391022319
1832,20409,-100.89475928508166
1833,20421,-101.87353047729061
1834,20425,-101.11623985252916
1835,20435,-102.02020268496095
1836,20439,-101.1591462452559
1837,20445,-101.96748017921125
1838,20451,-101.80282990443176
1839,20459,-102.11069932563981
1840,20481,-102.72264606734147
1841,20486,-100.31321991742914
1842,20488,-100.57433768452145
1843,20498,-100.83681383426712
1844,20505,-101.22691486100058
1845,20512,-102.2628761415181
1846,20550,-105.46656226593996
1847,20559,-101.8667854608183
1848,20567,-101.80837042366171
1849,20572,-101.15810824153259
1850,20577,-101.6391557540486
1851,20590,-102.36823012330963
1852,20595,-101.31472180537617
1853,20603,-101.99465829904352
1854,20607,-101.6041250650665
1855,20614,-101.40325115490013
1856,20629,-102.60575766676342
1857,20638,-102.03324295995327
1858,20647,-102.20476965128616
1859,20654,-101.3467293089433
1860,20668,-102.00643052540984
1861,20688,-102.2552420643468
1862,20702,-102.16446535326925
1863,20710,-100.60884361148159
1864,20714,-101.07511527877381
1865,20720,-101.24531886384666
1866,20728,-101.93804944339183
1867,20744,-102.25431931758928
1868,20750,-100.62914916315277
1869,20761,-101.7564951715402
1870,20766,-100.66605836247334
1871,20776,-101.70965296786477
1872,20781,-101.61796021412654
1873,20787,-101.45241951259683
1874,20796,-101.88630338777597
1875,20801,-101.2898418157761
1876,20811,-101.85219606454538
1877,20818,-100.87869022922254
1878,20822,-101.295780938398
1879,20829,-102.13579684876281
1880,20840,-101.7470516987087
1881,20848,-100.92445330477499
1882,20855,-100.68448365737582
1883,20859,-100.92270707218061
1884,20867,-101.43951165399191
1885,20873,-100.42350561389377
1886,20876,-100.85487505434413
1887,20884,-101.65429070000498
1888,20891,-101.23958011165544
1889,20908,-102.51413432384247
1890,20912,-101.11878671519813
1891,20925,-102.31176506623608
1892,20931,-101.42978362162516
1893,20944,-102.25017189572188
1894,20956,-101.82008897815928
1895,20959,-101.22492559435558
1896,20965,-101.66329253601425
1897,20975,-101.71253869834788
1898,20980,-101.20124231479585
1899,20989,-101.49202613221019
1900,20994,-101.73988795309879
1901,21000,-101.17497098847211
1902,21009,-101.97119575612706
1903,21014,-101.84131000694401
1904,21022,-102.4040713181732
1905,21026,-101.26861025445326
1906,21031,-101.70963905170514
1907,21042,-102.14456676029828
1908,21055,-101.97079977429068
1909,21065,-101.77505324941396
1910,21069,-101.14941740637335
1911,21079,-101.97936031981865
1912,21085,-101.43785078568636
1913,21096,-101.99882165885052
1914,21107,-102.26012417875506
1915,21109,-100.47147554968797
1916,21115,-101.14353025374778
1917,21122,-101.00959577940769
1918,21125,-100.62688132749501
1919,21131,-100.96357901945541
1920,21143,-101.65409810273802
1921,21147,-100.48714982308344
1922,21162,-101.35052209883764
1923,21182,-102.42385669929665
1924,21189,-101.54358858094739
1925,21195,-101.63390361435727
1926,21206,-102.09817181242745
1927,21218,-100.82468205239414
1928,21226,-101.39463832381904
1929,21237,-101.84228683993041
1930,21245,-101.73673007647078
1931,21287,-105.77701614406494
1932,21291,-101.01755467497514
1933,21296,-100.91296363228417
1934,21304,-100.9450516005805
1935,21307,-101.2186404168926
1936,21313,-101.17004894441808
1937,21318,-101.65428269999859
1938,21326,-101.52675109621804
1939,21331,-101.38837437554703
1940,21337,-101.58275928426552
1941,21348,-101.94613753656368
1942,21352,-101.1996408841878
1943,21356,-100.33572441493864
1944,21361,-100.89918407316289
1945,21365,-101.2869440150614
1946,21370,-100.94602490478238
1947,21374,-101.15127552267265
1948,21379,-101.30715955120061
1949,21394,-102.28282918636926
1950,21399,-100.880629556476
1951,21412,-101.70546176063478
1952,21418,-101.67165710233925
1953,21422,-101.56370340446422
1954,21425,-101.22090054466653
1955,21427,-100.56962256785744
1956,21434,-101.54585389860266
1957,21442,-101.88050255956787
1958,21446,-100.89537778814802
1959,21456,-101.95315646975851
1960,21497,-105.4210843510069
1961,21506,-102.00428863186286
1962,21510,-100.54447602104791
1963,21519,-100.81670851604414
1964,21525,-101.333793880183
1965,21530,-101.73960598651124
1966,21541,-101.45033400282799
1967,21550,-101.9051002134053
1968,21560,-101.8423885566342
1969,21567,-101.12564239427407
1970,21577,-101.67088477317171
1971,21649,-111.26994895017873
1972,21658,-101.88939917141781
1973,21670,-102.22665775954702
1974,21680,-101.56718866460267
1975,21684,-101.54928543996307
1976,21693,-102.13481293743182
1977,21703,-101.83668850776972
1978,21714,-101.80541678927963
1979,21717,-101.16897729269904
1980,21722,-101.19715642055147
1981,21728,-100.90998922005997
1982,21735,-101.69581960835131
1983,21743,-101.09485656784034
1984,21800,-108.10796537839923
1985,21807,-101.4129711232817
1986,21812,-100.51330237792378
1987,21816,-101.62963791759411
1988,21825,-101.74398452633173
1989,21835,-101.1125434524839
1990,21846,-101.60183482575405
1991,21854,-101.55001346453014
1992,21865,-100.99272553889837
1993,21872,-101.15721400834603
1994,21879,-101.40009700027677
1995,21885,-101.04445640623709
1996,21891,-101.47385289044242
1997,21897,-101.88546060863005
1998,21900,-100.8924814602717
1999,21918,-102.59215817064444
2000,21921,-100.34682819220815
2001,21930,-101.27848970292415
2002,21942,-101.85753200001695
2003,21947,-101.11478015186727
2004,21956,-102.3512776632585
2005,21962,-100.87883972424969
2006,21971,-101.73342492787108
2007,21980,-101.94907741809374
2008,21986,-100.57835359858024
2009,21995,-101.23432039601867
2010,22000,-100.87403187013578
2011,22006,-100.9642632409293
2012,22010,-100.99037626146765
2013,22019,-101.50967938227897
2014,22027,-101.89421262937802
2015,22035,-101.78266579163974
2016,22049,-101.33687738011922
2017,22054,-101.50706380955208
2018,22059,-101.43820436093065
2019,22076,-102.83871646459306
2020,22087,-101.55363707611656
2021,22094,-102.22382141421478
2022,22100,-101.92394918204604
2023,22116,-102.35150784616098
2024,22124,-101.75584841445755
2025,22130,-101.85017627447213
2026,22139,-102.16703556830628
2027,22149,-102.007923905299
2028,22159,-101.47876005991266
2029,22166,-101.3627187999141
2030,22170,-101.09624978379533
2031,22181,-102.11242639593372
2032,22184,-100.73787832730956
2033,22213,-103.71323491731835
2034,22220,-101.95154669766269
2035,22232,-102.14805630971553
2036,22237,-101.52528800725874
2037,22240,-101.13957320539879
2038,22250,-101.76954485380018
2039,22267,-102.36311516267537
2040,22294,-103.3413728365898
2041,22302,-101.65094886235799
2042,22310,-101.7997672226426
2043,22319,-102.83064524647428
2044,22326,-102.12290530353536
2045,22329,-100.92727733689097
2046,22337,-100.85319617604661
2047,22354,-102.36225842977755
2048,22363,-101.65210920906358
2049,22367,-101.222658676564
2050,22399,-104.91167204323168
2051,22402,-101.28028787295891
2052,22406,-100.99588537181778
2053,22418,-101.89361194844382
2054,22422,-100.80629832965069
2055,22427,-100.29817329757489
2056,22436,-101.2680274018872
2057,22451,-102.29485251634779
2058,22468,-102.33385977385784
2059,22475,-101.74362056655745
2060,22481,-101.89917295342684
2061,22488,-101.70683590465586
2062,22496,-102.0106150232334
2063,22502,-101.77526321407612
2064,22506,-101.0742921936383
2065,22519,-101.54366913443424
2066,22527,-101.43776229087663
2067,22534,-101.99169390016569
2068,22538,-101.01753126238336
2069,22545,-101.81616184658314
2070,22557,-101.9128223787157
2071,22563,-101.96082494285692
2072,22573,-101.52942154685232
2073,22595,-103.89054851790964
2074,22600,-101.67937242814308
2075,22610,-101.562984275063
2076,22613,-100.99587741585279
2077,22618,-101.03879584984332
2078,22625,-101.00991708726409
2079,22631,-101.22034036967868
2080,22641,-101.6975754120632
2081,22644,-100.40399681472206
2082,22652,-102.03110615062668
2083,22658,-100.48474751237015
2084,22671,-101.79003509167298
2085,22676,-101.74225170482536
2086,22687,-101.82859320703867
2087,22693,-101.29969985037532
2088,22704,-102.41516986462075
2089,22715,-101.78982389247025
2090,22721,-101.6586283806874
2091,22730,-100.91601770461534
2092,22734,-101.33958376720433
2093,22737,-100.6076419645134
2094,22755,-102.5155506569674
2095,22758,-100.65372331823171
2096,22766,-102.00808141646614
2097,22774,-101.33476225810863
2098,22780,-101.97211625446165
2099,22789,-101.84710112055612
2100,22798,-101.9134984853692
2101,22807,-101.50081562822587
2102,22816,-101.01306254659326
2103,22822,-101.14457118105322
2104,22828,-101.53553487010379
2105,22837,-101.89486636919744
2106,22841,-101.34659851587527
2107,22844,-101.00514823786307
2108,22849,-100.76449219375864
2109,22853,-100.64113230082947
2110,22867,-102.4108680184531
2111,22879,-100.75806840280895
2112,22887,-101.83317235864693
2113,22897,-101.29275970066077
2114,22908,-101.8977028247924
2115,22913,-101.15577758506713
2116,22934,-102.11970631807395
2117,22940,-101.61285855888589
2118,22947,-101.67664393906232
2119,22957,-102.31084315313822
2120,22961,-101.44616581227686
2121,22967,-101.41961013588146
2122,22975,-101.39719590853902
2123,22982,-101.80720057013794
2124,22999,-103.29414956942826
2125,23000,-100.74922691829686
2126,23013,-102.01763281288488
2127,23022,-101.87060425542684
2128,23030,-101.60657276321423
2129,23035,-100.93012104197854
2130,23041,-101.81873750802882
2131,23046,-101.29371486165331
2132,23051,-101.58964816892154
2133,23057,-101.17577073575512
2134,23066,-101.73625202340031
2135,23076,-100.97740529878152
2136,23084,-101.51421774801399
2137,23114,-107.6870598525582
2138,23118,-100.41755783298066
2139,23125,-101.37754222629907
2140,23133,-102.01972869216426
2141,23144,-102.39633652732616
2142,23151,-101.38872339792326
2143,23165,-101.51101690233324
2144,23169,-100.82925582202698
2145,23181,-101.49361901564475
2146,23191,-100.860282112201
2147,23202,-101.8174878284768
2148,23205,-101.14844998623761
2149,23260,-106.65078130128262
2150,23263,-100.37049534840429
2151,23271,-101.29920622456089
2152,23285,-101.04674339531529
2153,23302,-103.105080326411
2154,23308,-101.59984629449244
2155,23313,-100.62101319930873
2156,23317,-101.40469055776838
2157,23327,-102.36490141430983
2158,23338,-102.13819945952353
2159,23344,-101.75873216559285
2160,23350,-101.66003089719057
2161,23364,-100.66839657644068
2162,23374,-101.76046358500702
2163,23384,-102.01529426140196
2164,23392,-101.81902361966415
2165,23402,-101.77127312086355
2166,23409,-101.18442421584398
2167,23415,-101.20028835649065
2168,23426,-102.5365049005125
2169,23431,-101.28253018999816
2170,23442,-101.99866320775432
2171,23458,-103.92976977452662
2172,23469,-101.51690120169691
2173,23475,-102.014740788104
2174,23497,-101.262667051846
2175,23503,-101.5106931637235
2176,23509,-101.74919793121641
2177,23520,-101.7854162368377
2178,23534,-101.87859820356624
2179,23548,-101.83878495774918
2180,23558,-101.43268477322914
2181,23574,-101.56147405230622
2182,23589,-101.32375196080636
2183,23597,-101.44985544927498
2184,23609,-102.33670260544625
2185,23616,-102.03675112462666
2186,23621,-101.37082255932286
2187,23641,-102.28495046270918
2188,23663,-102.90075149014572
2189,23667,-101.05103918083617
2190,23676,-102.34072295133855
2191,23685,-102.35910832314937
2192,23690,-101.48030631275033
2193,23697,-102.18707198442704
2194,23707,-102.02697333995918
2195,23711,-101.05925888931198
2196,23718,-101.97382378110873
2197,23732,-102.0004289890177
2198,23745,-101.54627164363202
2199,23750,-101.30237433929997
2200,23759,-102.25907519355943
2201,23763,-101.41727932183304
2202,23767,-100.9487458578003
2203,23771,-101.48500372979866
2204,23786,-102.28078123624377
2205,23793,-101.38745173210644
2206,23798,-101.68437948716567
2207,23801,-101.16338935801072
2208,23810,-101.98787529227761
2209,23817,-101.84864872274406
2210,23827,-101.75970631617004
2211,23833,-101.66856011838307
2212,23849,-102.1464808589029
2213,23856,-101.62629553872866
2214,23872,-101.98832150458648
2215,23956,-111.6865974130216
2216,23961,-101.60391767709486
2217,23974,-102.31414026330525
2218,23983,-101.57569850555154
2219,23992,-101.73770480825448
2220,24000,-101.41691915698098
2221,24006,-101.83036135314411
2222,24017,-101.38061611444245
2223,24041,-102.46701165351891
2224,24057,-102.50773085776171
2225,24062,-101.26921968607193
2226,24067,-101.42485926083862
2227,24078,-100.97617792908464
2228,24082,-101.10122853714273
2229,24086,-100.74267926387952
2230,24093,-100.71944165544163
2231,24100,-101.90491761549656
2232,24106,-101.16324685818927
2233,24148,-106.07584171319155
2234,24157,-101.64515094077767
2235,24164,-102.16453184989534
2236,24168,-101.37242324736248
2237,24174,-101.71838285266215
2238,24179,-101.79415259055563
2239,24188,-100.6899282508476
2240,24193,-101.48802471934384
2241,24200,-101.85807978035102
2242,24205,-101.79703853987718
2243,24208,-100.22625596535464
2244,24220,-101.52337228165987
2245,24239,-102.21618596585235
2246,24248,-101.84791411306539
2247,24255,-101.11483299681808
2248,24259,-101.21652376989614
2249,24269,-101.78386933955902
2250,24281,-102.29764394466
2251,24301,-102.35873086466138
2252,24305,-101.74916841302955
2253,24313,-101.86711634189417
2254,24323,-101.52564758899533
2255,24327,-101.42817382987897
2256,24333,-101.55823690853582
2257,24341,-101.63681688083663
2258,24354,-102.44635525624089
2259,24357,-100.95859089643217
2260,24362,-101.69729259849616
2261,24376,-102.29628646795962
2262,24380,-101.19006586922926
2263,24389,-101.3260868861206
2264,24398,-101.99692840055505
2265,24415,-100.90991366734954
2266,24421,-101.58237813556839
2267,24443,-102.04012673688743
2268,24460,-102.70870048992266
2269,24466,-101.74036563964144
2270,24475,-101.88543577076383
2271,24484,-102.16282863995792
2272,24495,-101.9227163563227
2273,24508,-102.05319826412081
2274,24526,-102.58105456630962
2275,24533,-101.41304841265993
2276,24537,-101.42709953489236
2277,24551,-102.5953189940949
2278,24569,-102.4757227787986
2279,24578,-101.832779245704
2280,24588,-101.86078613006492
2281,24594,-101.4274592470202
2282,24601,-101.7580588950982
2283,24605,-101.04737341471443
2284,24613,-101.74647931281297
2285,24615,-100.56036318128047
2286,24619,-101.19725251192774
2287,24626,-101.20344162311083
2288,24632,-101.76397286211962
2289,24642,-101.641940903028
2290,24648,-100.77804543231629
2291,24651,-100.28762611522723
2292,24660,-101.60654993773778
2293,24667,-100.9965071463939
2294,24670,-100.86984205967033
2295,24693,-101.02115382518096
2296,24696,-101.51084227594482
2297,24701,-101.51755421625778
2298,24709,-102.14313020864468
2299,24734,-103.35902803879061
2300,24737,-100.96131910449441
2301,24742,-101.24862943172556
2302,24750,-101.63137058636218
2303,24767,-101.82461568412991
2304,24774,-101.65387890780971
2305,24892,-117.71722192647103
2306,24896,-100.69291555362555
2307,24899,-100.86041637526462
2308,24906,-101.94588914129118
2309,24916,-101.35823469991745
2310,24920,-100.3191318971291
2311,24924,-101.69567339410578
2312,24936,-102.59287206757361
2313,24940,-101.42026782805569
2314,24945,-101.29088962183096
2315,24950,-101.71175532338371
2316,24962,-102.04383457199522
2317,24967,-101.2021891343468
2318,25000,-106.65148165781392
2319,25008,-101.61813584315102
2320,25015,-101.82154051973274
2321,25038,-101.290366574802
2322,25049,-101.997182778752
2323,25065,-101.5930022950434
2324,25082,-101.7212029229337
2325,25123,-101.61700741719883
2326,25132,-101.82011579773051
2327,25135,-100.21474421457997
2328,25150,-102.1337699998261
2329,25153,-100.20940037827731
2330,25161,-101.64392871164068
2331,25172,-102.13899386927528
2332,25180,-101.53722843222585
2333,25189,-101.81330572423863
2334,25195,-101.44055874157873
2335,25202,-101.56036345530468
2336,25210,-101.88574965680402
2337,25217,-101.54091553708733
2338,25224,-101.94104067930137
2339,25231,-101.60729766708855
2340,25234,-100.27655892122691
2341,25243,-101.9686943054779
2342,25246,-100.20456304381125
2343,25256,-101.82887682564814
2344,25264,-101.7736759489665
2345,25271,-101.51103736959678
2346,25279,-101.78544754808587
2347,25321,-103.71567604343888
2348,25329,-101.87909894774778
2349,25339,-101.87166343867868
2350,25426,-108.95079067547309
2351,25516,-118.51541511318545
2352,25583,-106.4810717915492
2353,25643,-105.73555614437002
2354,25697,-105.34954448572529
2355,25763,-111.5986693593873
2356,25827,-105.78829253618906
2357,26000,-102.57099981533058
2358,26198,-118.44699514984916
2359,26255,-105.1094382309221
2360,26742,-146.7047357966281
2361,27000,-130.0805815967392
2362,27500,-17.3735804262522
2363,27540,-109.40606301542391
2364,27838,-128.33897231028178
2365,27897,-113.86265811728566
2366,27959,-113.03181864095971
2367,27991,-105.75063062615305
2368,28000,-101.07537679677458
2369,28029,-104.75914477344966
2370,28069,-107.12833350410673
2371,28098,-106.17279395962046
2372,28122,-104.35938796394056
2373,28148,-105.70824720579127
2374,28190,-107.8870346969135
2375,28226,-107.14942591304424
2376,28253,-104.8760208707861
2377,28284,-106.56157881739139
2378,28317,-106.64082324281131
2379,28348,-105.68597004743762
2380,28377,-104.58380047008801
2381,28408,-104.7628660412135
2382,28431,-104.91200790337354
2383,28453,-104.19835696216295
2384,28493,-106.69580950612693
2385,28533,-107.14758798795228
2386,28550,-103.58292267090579
2387,28582,-105.52922781222517
2388,28606,-103.34995472647466
2389,28626,-104.26465363906861
2390,28646,-104.29550184678861
2391,28678,-103.72795283455531
2392,28697,-103.43289697653013
2393,28728,-104.58638925147363
2394,28748,-102.8965973486203
2395,28776,-103.26870556339097
2396,28811,-104.69672384898408
2397,28826,-102.79267769015757
2398,28867,-104.65329206841614
2399,29000,-105.07359893554315
2400,29027,-103.83328515470951
2401,29216,-137.98652600993665
2402,29254,-103.10985389337561
2403,29301,-105.5229958692555
2404,29325,-103.9364837322906
2405,29447,-122.46370139143953
2406,29482,-106.69576764905739
2407,29505,-104.45753800131388
2408,29552,-105.56363672861492
2409,29632,-113.94677277700899
2410,29718,-107.82129977617888
2411,29799,-115.55146813748077
2412,29825,-103.59773504142177
2413,29842,-103.40906979344716
2414,29863,-103.59370096469294
2415,30000,-109.94021383832798
2416,30500,-9.050839823199457
2417,30580,-106.11655040309022
2418,30648,-114.1801157256519
2419,30709,-108.97066096995363
2420,30917,-128.79496719766615
2421,30963,-107.16342155692065
2422,31000,-103.35055298950738
2423,31055,-111.04296681293073
2424,31229,-116.46078022050307
2425,31703,-147.27378131858234
2426,31772,-105.51785859259857
2427,31945,-133.2739256399228
2428,32000,-101.50948802520122
2429,32071,-105.86351091408062
2430,32137,-106.12841511742567
2431,32241,-109.26598768876345
2432,32327,-107.89964922656976
2433,32377,-105.51390942273329
2434,32509,-113.17594966527507
2435,32574,-106.61611702512086
2436,32743,-116.61409068871555
2437,32835,-108.97816097111368
2438,32872,-103.74729312346008
2439,32929,-106.17031083996882
2440,32966,-104.48410771133695
2441,33000,-101.26130702574547
2442,33053,-104.89456654259125
2443,33101,-105.433015426
2444,33149,-104.99354733603558
2445,33227,-107.96424275364897
2446,33276,-104.06324089498102
2447,33317,-104.77789137819614
2448,33356,-103.98894165433961
2449,33395,-104.90368479984024
2450,33466,-105.57714917039344
2451,33532,-107.06181321731043
2452,33583,-105.89902082369173
2453,33627,-105.06598765906531
2454,33694,-104.21990122208314
2455,33754,-104.32015376541528
2456,33798,-104.450395788696
2457,33831,-103.26371407633415
2458,33877,-104.74223859091984
2459,33934,-105.68545652570539
2460,33977,-104.6573332578484
2461,34000,-101.3500191910947
2462,34035,-104.32376156563885
2463,34065,-103.90125932092971
2464,34108,-104.27138022886909
2465,34164,-106.23193465469369
2466,34212,-105.379967182715
2467,34273,-106.77890967853
2468,34312,-104.29992804656975
2469,34391,-105.96471782709872
2470,34457,-104.61233036689761
2471,34490,-104.00095127479202
2472,34536,-104.95641495035048
2473,34573,-103.77930618990929
2474,34617,-103.49716135231368
2475,34650,-104.48445308777505
2476,34701,-104.42200990906593
2477,34739,-103.89371103608462
2478,34810,-107.91566437722656
2479,34841,-103.20188351108132
2480,34885,-104.00694048121302
2481,34927,-104.10732158689241
2482,35000,-102.54162878729407
2483,35027,-103.30803866066903
2484,35060,-104.04847723066017
2485,35109,-104.29568696804145
2486,35153,-105.12359767804533
2487,35210,-104.57403807657212
2488,35257,-105.37608448872182
2489,35294,-103.21825590633287
2490,35338,-104.94487915061698
2491,35368,-104.04641167853303
2492,35408,-104.33443187555304
2493,35463,-105.25286434719234
2494,35514,-105.40710830837509
2495,35571,-106.82217618671827
2496,35653,-106.02643045985337
2497,35709,-105.98636964788136
2498,35764,-106.34498828442439
2499,35804,-105.32173495695979
2500,35851,-103.4962339483079
2501,35894,-103.84371275687018
2502,35937,-104.2326456685614
2503,35974,-103.46435228475154
2504,36000,-102.0016181175552
2505,36050,-105.11849603952541
2506,36102,-105.94325232499027
2507,36140,-103.58334931104103
2508,36176,-103.52881580309666
2509,36217,-104.2220492513628
2510,36268,-104.22986955929497
2511,36366,-107.68658576874131
2512,36437,-105.08774061382834
2513,36521,-105.51882175279238
2514,36556,-103.11912948708806
2515,36596,-104.47667871049987
2516,36713,-112.30836494022321
2517,36835,-105.09285372083167
2518,36926,-110.28377117718587
2519,36971,-105.38720707748584
2520,37000,-103.2844943775251
2521,37093,-104.97800759674955
2522,37134,-104.09010928717844
2523,37345,-104.6312322898822
2524,37393,-104.8619509023064
2525,37424,-104.17310884654485
2526,37924,-11.187907664980369
2527,38000,-103.20808690921996
2528,38034,-103.12749611755211
2529,38079,-105.25699475179263
2530,38191,-107.7039620903987
2531,38404,-114.62800915263026
2532,38662,-120.13168130679391
2533,38722,-104.84764819790502
2534,38831,-107.38137129931569
2535,38940,-107.14047506783332
2536,39000,-103.18284915005975
2537,39291,-119.90877989475882
2538,39791,-33.24984668568907
2539,39853,-108.04220586445061
2540,39906,-105.13259376316825
2541,39954,-106.83728335596896
2542,40000,-102.92674152486049
2543,40139,-107.46019534459337
2544,40334,-115.04095028600472
2545,40834,-37.638919696989845
2546,41000,-114.09174329488128
2547,41500,-28.090824222713746
2548,41633,-107.67586956301751
2549,41673,-103.95769973858381
2550,42000,-118.97977811922914
2551,42500,-31.319156108810628
2552,43000,-138.6534012872266
2553,43500,-40.14573939712214
2554,44000,-146.5309095102536
2555,44217,-110.14810714789262
2556,44536,-114.7584351201383
2557,44748,-110.64076263551863
2558,45000,-110.25580981206505
2559,45500,-18.217515010195818
2560,45572,-104.72135642171872
2561,45677,-105.1733802253731
2562,45777,-105.38227145647255
2563,45977,-107.74743028983892
2564,46000,-101.31407876398976
2565,46331,-119.19863652186136
2566,46510,-108.89600044615338
2567,46642,-106.04568935680429
2568,46760,-105.55048310000046
2569,46909,-106.5935905194123
2570,47000,-103.07878268313989
2571,47313,-129.5561590733396
2572,47489,-107.16819021398112
2573,47775,-113.88223743879709
2574,47945,-109.56813049212128
2575,48000,-102.35819738795428
2576,48177,-110.36619623416573
2577,48277,-106.63347928466526
2578,48482,-108.13730316242815
2579,48577,-104.81567896673334
2580,48822,-111.59648915118592
2581,48966,-107.38986259465787
2582,49000,-101.48193368726905
2583,49175,-108.67484692605015
2584,49295,-108.192646406069
2585,49556,-111.9226246327195
2586,49746,-108.35732729305936
2587,49919,-106.81262352269519
2588,50012,-105.23962985290784
2589,50157,-112.27913861453072
2590,50239,-103.83283122817726
2591,50344,-104.58339549526829
2592,50525,-107.01312083195675
2593,50788,-112.25141296852017
2594,51288,-30.179815963214576
2595,51698,-126.86629054834351
2596,51955,-108.95524206524429
2597,52000,-101.61162151498499
2598,52166,-105.89196891072906
2599,52485,-121.18501385620984
2600,52751,-111.27029361700562
2601,53251,-14.207109228300848
2602,53543,-110.32809829146663
2603,53822,-107.79752073799995
2604,53953,-106.37143891247585
2605,54113,-106.09233920481718
2606,54557,-109.81218723758228
2607,54925,-118.49187304489217
2608,55009,-105.64926176998678
2609,55199,-107.37915182390377
2610,55412,-110.4013901941332
2611,55660,-110.84888213570305
2612,55862,-109.11439075313915
2613,56349,-115.49296841402015
2614,56849,-15.356250717714804
2615,57349,-20.037025144778074
2616,57849,-20.894452415362732
2617,58349,-23.450192234627483
2618,58849,-23.074926100025035
2619,59349,-30.163922111868086
2620,59849,-15.307399561885376
2621,60349,-6.094318573525938
2622,60849,-5.337914405369035
2623,61349,-6.438947391886706
2624,61849,-7.20730592671522
2625,62349,-7.814654784216898
2626,62849,-8.132381216607095
2627,63349,-9.281130873574668
2628,63849,-9.801946901406712
2629,64349,-11.33566698168797
2630,64849,-14.092851585376108
2631,65349,-8.32558081017583
2632,65849,-5.874999339734534
2633,66349,-6.586368412890741
2634,66849,-6.709004297889281
2635,67349,-7.6496878147654295
2636,67849,-6.792335842779192
2637,68349,-4.856076836522356
2638,68849,-4.940419041009386
2639,69349,-4.856413186976432
2640,69849,-5.711301071918773
2641,70349,-5.035074282732024
2642,70849,-4.052138021961989
2643,70859,-101.95637484354985
2644,71359,-5.183602133453217
2645,71859,-6.012909089297276
2646,72359,-8.080863120794548
2647,72859,-6.659038220575745
2648,73359,-8.080276750248482
2649,73859,-7.876862290277439
